-32 -32 -0
-32 -31 0.000481881
-32 -30 0.000975933
-32 -29 0.00148947
-32 -28 0.00202944
-32 -27 0.00260223
-32 -26 0.00321347
-32 -25 0.00386782
-32 -24 0.00456869
-32 -23 0.005318
-32 -22 0.0061158
-32 -21 0.00695999
-32 -20 0.00784582
-32 -19 0.00876555
-32 -18 0.00970797
-32 -17 0.0106579
-32 -16 0.0115959
-32 -15 0.0124977
-32 -14 0.0133343
-32 -13 0.0140718
-32 -12 0.0146718
-32 -11 0.0150925
-32 -10 0.0152902
-32 -9 0.0152214
-32 -8 0.0148464
-32 -7 0.0141327
-32 -6 0.0130591
-32 -5 0.0116203
-32 -4 0.00983014
-32 -3 0.00772321
-32 -2 0.00535517
-32 -1 0.00280009
-32 0 0.000145853
-32 1 -0.00251234
-32 2 -0.00507923
-32 3 -0.00746689
-32 4 -0.00960111
-32 5 -0.011426
-32 6 -0.0129066
-32 7 -0.0140285
-32 8 -0.0147965
-32 9 -0.0152307
-32 10 -0.0153626
-32 11 -0.0152308
-32 12 -0.0148771
-32 13 -0.014344
-32 14 -0.0136717
-32 15 -0.0128969
-32 16 -0.012052
-32 17 -0.0111647
-32 18 -0.0102578
-32 19 -0.0093496
-32 20 -0.00845428
-32 21 -0.00758221
-32 22 -0.00674048
-32 23 -0.00593333
-32 24 -0.00516261
-32 25 -0.0044281
-32 26 -0.00372792
-32 27 -0.0030588
-32 28 -0.00241636
-32 29 -0.00179536
-32 30 -0.00118991
-32 31 -0.000593665
-32 32 -0
-31 -32 -0
-31 -31 0.000488213
-31 -30 0.00098865
-31 -29 0.00150871
-31 -28 0.00205541
-31 -27 0.00263524
-31 -26 0.00325395
-31 -25 0.00391632
-31 -24 0.00462594
-31 -23 0.00538491
-31 -22 0.00619353
-31 -21 0.00704994
-31 -20 0.00794973
-31 -19 0.0088855
-31 -18 0.00984638
-31 -17 0.0108176
-31 -16 0.0117799
-31 -15 0.0127094
-31 -14 0.0135768
-31 -13 0.0143479
-31 -12 0.0149835
-31 -11 0.0154404
-31 -10 0.0156726
-31 -9 0.0156337
-31 -8 0.0152803
-31 -7 0.0145758
-31 -6 0.0134951
-31 -5 0.0120298
-31 -4 0.0101916
-31 -3 0.00801564
-31 -2 0.00555998
-31 -1 0.00290351
-31 0 0.000140579
-31 1 -0.00262616
-31 2 -0.00529407
-31 3 -0.00776873
-31 4 -0.00997119
-31 5 -0.0118431
-31 6 -0.0133491
-31 7 -0.0144769
-31 8 -0.0152345
-31 9 -0.0156459
-31 10 -0.0157467
-31 11 -0.0155793
-31 12 -0.0151885
-31 13 -0.0146188
-31 14 -0.013912
-31 15 -0.0131057
-31 16 -0.0122326
-31 17 -0.0113205
-31 18 -0.010392
-31 19 -0.0094652
-31 20 -0.00855377
-31 21 -0.00766775
-31 22 -0.0068139
-31 23 -0.00599613
-31 24 -0.005216
-31 25 -0.00447307
-31 26 -0.00376524
-31 27 -0.00308908
-31 28 -0.00244007
-31 29 -0.00181284
-31 30 -0.00120142
-31 31 -0.000599372
-31 32 -0
-30 -32 -0
-30 -31 0.000496108
-30 -30 0.00100458
-30 -29 0.001533
-30 -28 0.00208858
-30 -27 0.00267802
-30 -26 0.00330734
-30 -25 0.00398162
-30 -24 0.0047048
-30 -23 0.00547941
-30 -22 0.00630626
-30 -21 0.00718407
-30 -20 0.00810912
-30 -19 0.00907472
-30 -18 0.0100708
-30 -17 0.0110834
-30 -16 0.0120939
-30 -15 0.0130788
-30 -14 0.0140091
-30 -13 0.0148497
-30 -12 0.01556
-30 -11 0.0160938
-30 -10 0.0164008
-30 -9 0.0164285
-30 -8 0.0161259
-30 -7 0.0154478
-30 -6 0.0143605
-30 -5 0.0128482
-30 -4 0.0109185
-30 -3 0.00860655
-30 -2 0.00597565
-30 -1 0.00311469
-30 0 0.000131762
-30 1 -0.00285477
-30 2 -0.00572651
-30 3 -0.00837539
-30 4 -0.0107125
-30 5 -0.0126743
-30 6 -0.0142255
-30 7 -0.0153581
-30 8 -0.0160874
-30 9 -0.0164461
-30 10 -0.0164786
-30 11 -0.0162347
-30 12 -0.0157655
-30 13 -0.0151199
-30 14 -0.0143424
-30 15 -0.0134723
-30 16 -0.012543
-30 17 -0.0115821
-30 18 -0.0106118
-30 19 -0.00964942
-30 20 -0.00870799
-30 21 -0.00779669
-30 22 -0.00692152
-30 23 -0.00608572
-30 24 -0.00529023
-30 25 -0.00453411
-30 26 -0.00381482
-30 27 -0.00312855
-30 28 -0.00247048
-30 29 -0.00183499
-30 30 -0.00121587
-30 31 -0.000606493
-30 32 -0
-29 -32 -0
-29 -31 0.000505327
-29 -30 0.00102324
-29 -29 0.0015616
-29 -28 0.0021279
-29 -27 0.0027292
-29 -26 0.00337187
-29 -25 0.00406148
-29 -24 0.00480251
-29 -23 0.00559814
-29 -22 0.00644994
-29 -21 0.00735756
-29 -20 0.00831829
-29 -19 0.00932665
-29 -18 0.0103738
-29 -17 0.0114471
-29 -16 0.0125291
-29 -15 0.0135973
-29 -14 0.0146229
-29 -13 0.0155704
-29 -12 0.0163971
-29 -11 0.0170529
-29 -10 0.017481
-29 -9 0.0176198
-29 -8 0.0174061
-29 -7 0.0167803
-29 -6 0.0156941
-29 -5 0.0141189
-29 -4 0.0120543
-29 -3 0.00953453
-29 -2 0.0066311
-29 -1 0.0034492
-29 0 0.000119581
-29 1 -0.00321333
-29 2 -0.00640513
-29 3 -0.00932509
-29 4 -0.0118681
-29 5 -0.0139626
-29 6 -0.0155743
-29 7 -0.0167032
-29 8 -0.0173776
-29 9 -0.0176451
-29 10 -0.0175642
-29 11 -0.017197
-29 12 -0.0166039
-29 13 -0.0158402
-29 14 -0.0149544
-29 15 -0.0139878
-29 16 -0.0129742
-29 17 -0.011941
-29 18 -0.0109094
-29 19 -0.00989562
-29 20 -0.00891121
-29 21 -0.00796415
-29 22 -0.00705925
-29 23 -0.00619869
-29 24 -0.00538251
-29 25 -0.00460895
-29 26 -0.00387483
-29 27 -0.00317578
-29 28 -0.00250651
-29 29 -0.00186102
-29 30 -0.00123275
-29 31 -0.000614785
-29 32 -0
-28 -32 -0
-28 -31 0.000515531
-28 -30 0.00104394
-28 -29 0.00159342
-28 -28 0.00217187
-28 -27 0.00278676
-28 -26 0.00344499
-28 -25 0.00415269
-28 -24 0.00491509
-28 -23 0.00573621
-28 -22 0.00661867
-28 -21 0.00756332
-28 -20 0.00856888
-28 -19 0.00963151
-28 -18 0.0107442
-28 -17 0.0118961
-28 -16 0.0130719
-28 -15 0.0142506
-28 -14 0.0154046
-28 -13 0.0164982
-28 -12 0.017487
-28 -11 0.0183163
-28 -10 0.0189213
-28 -9 0.0192276
-28 -8 0.0191549
-28 -7 0.0186223
-28 -6 0.0175581
-28 -5 0.0159124
-28 -4 0.0136703
-28 -3 0.0108634
-28 -2 0.0075743
-28 -1 0.0039328
-28 0 0.000104255
-28 1 -0.00372719
-28 2 -0.00737743
-28 3 -0.0106812
-28 4 -0.013509
-28 5 -0.0157781
-28 6 -0.0174571
-28 7 -0.0185609
-28 8 -0.0191389
-28 9 -0.0192623
-28 10 -0.0190111
-28 11 -0.0184646
-28 12 -0.0176957
-28 13 -0.0167679
-28 14 -0.0157343
-28 15 -0.0146379
-28 16 -0.0135126
-28 17 -0.0123847
-28 18 -0.0112738
-28 19 -0.010194
-28 20 -0.00915499
-28 21 -0.00816301
-28 22 -0.00722114
-28 23 -0.00633014
-28 24 -0.0054888
-28 25 -0.00469434
-28 26 -0.00394268
-28 27 -0.00322875
-28 28 -0.00254664
-28 29 -0.00188983
-28 30 -0.00125135
-28 31 -0.000623899
-28 32 -0
-27 -32 -0
-27 -31 0.000526292
-27 -30 0.0010658
-27 -29 0.00162712
-27 -28 0.00221859
-27 -27 0.00284821
-27 -26 0.00352345
-27 -25 0.00425118
-27 -24 0.00503746
-27 -23 0.00588739
-27 -22 0.00680484
-27 -21 0.00779217
-27 -20 0.00884992
-27 -19 0.00997636
-27 -18 0.0111669
-27 -17 0.0124135
-27 -16 0.0137035
-27 -15 0.0150188
-27 -14 0.016334
-27 -13 0.0176147
-27 -12 0.0188157
-27 -11 0.019878
-27 -10 0.0207279
-27 -9 0.0212756
-27 -8 0.0214176
-27 -7 0.0210423
-27 -6 0.0200425
-27 -5 0.0183335
-27 -4 0.0158749
-27 -3 0.0126906
-27 -2 0.00887856
-27 -1 0.00460486
-27 0 8.60499e-05
-27 1 -0.00443518
-27 2 -0.00871619
-27 3 -0.0125407
-27 4 -0.0157428
-27 5 -0.018225
-27 6 -0.0199636
-27 7 -0.0209991
-27 8 -0.021416
-27 9 -0.0213213
-27 10 -0.0208254
-27 11 -0.020031
-27 12 -0.0190265
-27 13 -0.0178843
-27 14 -0.0166616
-27 15 -0.0154024
-27 16 -0.0141392
-27 17 -0.012896
-27 18 -0.0116897
-27 19 -0.0105314
-27 20 -0.00942833
-27 21 -0.00838402
-27 22 -0.00739952
-27 23 -0.00647376
-27 24 -0.00560399
-27 25 -0.00478615
-27 26 -0.00401511
-27 27 -0.00328491
-27 28 -0.00258893
-27 29 -0.00192006
-27 30 -0.00127079
-27 31 -0.000633399
-27 32 -0
-26 -32 -0
-26 -31 0.000537112
-26 -30 0.0010878
-26 -29 0.0016611
-26 -28 0.00226585
-26 -27 0.00291058
-26 -26 0.00360346
-26 -25 0.00435213
-26 -24 0.00516364
-26 -23 0.00604427
-26 -22 0.00699935
-26 -21 0.00803304
-26 -20 0.00914805
-26 -19 0.0103452
-26 -18 0.0116232
-26 -17 0.0129773
-26 -16 0.014399
-26 -15 0.0158745
-26 -14 0.0173825
-26 -13 0.018892
-26 -12 0.0203591
-26 -11 0.021723
-26 -10 0.0229013
-26 -9 0.0237873
-26 -8 0.0242482
-26 -7 0.0241301
-26 -6 0.0232722
-26 -5 0.0215328
-26 -4 0.0188265
-26 -3 0.0151601
-26 -2 0.0106524
-26 -1 0.00552343
-26 0 6.527e-05
-26 1 -0.00539474
-26 2 -0.0105293
-26 3 -0.0150468
-26 4 -0.0187275
-26 5 -0.0214533
-26 6 -0.0232178
-26 7 -0.024107
-26 8 -0.0242624
-26 9 -0.0238447
-26 10 -0.0230069
-26 11 -0.0218808
-26 12 -0.020572
-26 13 -0.0191612
-26 14 -0.0177077
-26 15 -0.0162538
-26 16 -0.0148291
-26 17 -0.013453
-26 18 -0.0121383
-26 19 -0.010892
-26 20 -0.00971779
-26 21 -0.00861607
-26 22 -0.00758526
-26 23 -0.0066221
-26 24 -0.00572203
-26 25 -0.00487953
-26 26 -0.00408825
-26 27 -0.00334126
-26 28 -0.00263113
-26 29 -0.00195007
-26 30 -0.00129003
-26 31 -0.000642776
-26 32 -0
-25 -32 -0
-25 -31 0.000547444
-25 -30 0.00110882
-25 -29 0.00169363
-25 -28 0.0023112
-25 -27 0.00297064
-25 -26 0.00368082
-25 -25 0.00445022
-25 -24 0.00528693
-25 -23 0.00619852
-25 -22 0.00719192
-25 -21 0.0082733
-25 -20 0.00944784
-25 -19 0.0107195
-25 -18 0.0120905
-25 -17 0.0135608
-25 -16 0.0151274
-25 -15 0.0167823
-25 -14 0.018511
-25 -13 0.0202894
-25 -12 0.0220788
-25 -11 0.0238206
-25 -10 0.0254281
-25 -9 0.0267782
-25 -8 0.0277048
-25 -7 0.0279975
-25 -6 0.0274156
-25 -5 0.0257245
-25 -4 0.0227569
-25 -3 0.0184838
-25 -2 0.0130542
-25 -1 0.00677257
-25 0 4.22708e-05
-25 1 -0.00668923
-25 2 -0.0129746
-25 3 -0.0184108
-25 4 -0.0226942
-25 5 -0.0256765
-25 6 -0.0273876
-25 7 -0.0279956
-25 8 -0.0277355
-25 9 -0.0268476
-25 10 -0.0255418
-25 11 -0.0239831
-25 12 -0.0222934
-25 13 -0.0205577
-25 14 -0.0188332
-25 15 -0.0171567
-25 16 -0.015551
-25 17 -0.0140289
-25 18 -0.012597
-25 19 -0.011257
-25 20 -0.0100079
-25 21 -0.00884647
-25 22 -0.00776801
-25 23 -0.00676677
-25 24 -0.00583619
-25 25 -0.00496911
-25 26 -0.00415788
-25 27 -0.00339453
-25 28 -0.00267077
-25 29 -0.00197811
-25 30 -0.00130792
-25 31 -0.000651474
-25 32 -0
-24 -32 -0
-24 -31 0.000556713
-24 -30 0.0011277
-24 -29 0.00172287
-24 -28 0.00235207
-24 -27 0.00302497
-24 -26 0.0037511
-24 -25 0.0045398
-24 -24 0.00540022
-24 -23 0.00634124
-24 -22 0.00737147
-24 -21 0.00849919
-24 -20 0.00973228
-24 -19 0.0110781
-24 -18 0.0125432
-24 -17 0.014133
-24 -16 0.015851
-24 -15 0.0176977
-24 -14 0.0196684
-24 -13 0.0217499
-24 -12 0.0239153
-24 -11 0.0261158
-24 -10 0.0282689
-24 -9 0.0302425
-24 -8 0.0318377
-24 -7 0.0327746
-24 -6 0.0326965
-24 -5 0.0312143
-24 -4 0.0280086
-24 -3 0.0229741
-24 -2 0.0163135
-24 -1 0.00847158
-24 0 1.74762e-05
-24 1 -0.00843713
-24 2 -0.0162807
-24 3 -0.0229445
-24 4 -0.0279845
-24 5 -0.0311995
-24 6 -0.032696
-24 7 -0.0327945
-24 8 -0.0318849
-24 9 -0.0303237
-24 10 -0.0283902
-24 11 -0.0262824
-24 12 -0.0241309
-24 13 -0.0220166
-24 14 -0.0199866
-24 15 -0.0180664
-24 16 -0.0162673
-24 17 -0.0145925
-24 18 -0.0130401
-24 19 -0.0116053
-24 20 -0.0102816
-24 21 -0.00906141
-24 22 -0.00793665
-24 23 -0.00689885
-24 24 -0.00593931
-24 25 -0.00504919
-24 26 -0.00421953
-24 27 -0.00344125
-24 28 -0.00270524
-24 29 -0.00200232
-24 30 -0.00132328
-24 31 -0.00065891
-24 32 -0
-23 -32 -0
-23 -31 0.000564348
-23 -30 0.00114325
-23 -29 0.00174701
-23 -28 0.0023859
-23 -27 0.00307012
-23 -26 0.00380984
-23 -25 0.00461519
-23 -24 0.0054963
-23 -23 0.00646335
-23 -22 0.00752659
-23 -21 0.00869643
-23 -20 0.00998349
-23 -19 0.0113987
-23 -18 0.0129533
-23 -17 0.0146588
-23 -16 0.0165266
-23 -15 0.0185674
-23 -14 0.0207898
-23 -13 0.023197
-23 -12 0.025782
-23 -11 0.0285177
-23 -10 0.0313414
-23 -9 0.0341304
-23 -8 0.0366667
-23 -7 0.0385968
-23 -6 0.0394047
-23 -5 0.0384444
-23 -4 0.0351003
-23 -3 0.0290976
-23 -2 0.020758
-23 -1 0.0107836
-23 0 -8.57722e-06
-23 1 -0.0108006
-23 2 -0.0207745
-23 3 -0.0291137
-23 4 -0.0351169
-23 5 -0.0384638
-23 6 -0.0394318
-23 7 -0.0386379
-23 8 -0.0367294
-23 9 -0.0342223
-23 10 -0.0314693
-23 11 -0.0286873
-23 12 -0.0259976
-23 13 -0.0234611
-23 14 -0.0211032
-23 15 -0.0189294
-23 16 -0.0169345
-23 17 -0.0151086
-23 18 -0.0134395
-23 19 -0.0119145
-23 20 -0.0105209
-23 21 -0.00924656
-23 22 -0.00807973
-23 23 -0.00700919
-23 24 -0.00602414
-23 25 -0.00511406
-23 26 -0.00426869
-23 27 -0.00347796
-23 28 -0.00273196
-23 29 -0.00202086
-23 30 -0.00133492
-23 31 -0.000664501
-23 32 -0
-22 -32 -0
-22 -31 0.000569802
-22 -30 0.00115436
-22 -29 0.0017643
-22 -28 0.00241024
-22 -27 0.00310284
-22 -26 0.00385279
-22 -25 0.00467092
-22 -24 0.00556824
-22 -23 0.00655607
-22 -22 0.00764618
-22 -21 0.00885094
-22 -20 0.0101836
-22 -19 0.0116586
-22 -18 0.0132918
-22 -17 0.0151011
-22 -16 0.0171064
-22 -15 0.0193304
-22 -14 0.0217975
-22 -13 0.024533
-22 -12 0.027559
-22 -11 0.0308861
-22 -10 0.0344963
-22 -9 0.0383108
-22 -8 0.0421337
-22 -7 0.0455654
-22 -6 0.0478981
-22 -5 0.0480689
-22 -4 0.0448569
-22 -3 0.037561
-22 -2 0.0268385
-22 -1 0.0139137
-22 0 -3.515e-05
-22 1 -0.0139833
-22 2 -0.0269059
-22 3 -0.0376246
-22 4 -0.0449154
-22 5 -0.048123
-22 6 -0.0479522
-22 7 -0.0456266
-22 8 -0.0422106
-22 9 -0.0384119
-22 10 -0.0346293
-22 11 -0.0310575
-22 12 -0.0277734
-22 13 -0.0247934
-22 14 -0.0221051
-22 15 -0.0196846
-22 16 -0.017505
-22 17 -0.0155402
-22 18 -0.0137663
-22 19 -0.0121619
-22 20 -0.010708
-22 21 -0.00938782
-22 22 -0.0081861
-22 23 -0.00708899
-22 24 -0.00608369
-22 25 -0.00515819
-22 26 -0.00430106
-22 27 -0.00350135
-22 28 -0.00274844
-22 29 -0.00203195
-22 30 -0.00134171
-22 31 -0.000667695
-22 32 -0
-21 -32 -0
-21 -31 0.000572581
-21 -30 0.00116001
-21 -29 0.00177315
-21 -28 0.00242287
-21 -27 0.00312014
-21 -26 0.00387607
-21 -25 0.00470202
-21 -24 0.0056097
-21 -23 0.00661137
-21 -22 0.00772001
-21 -21 0.00894969
-21 -20 0.0103159
-21 -19 0.0118361
-21 -18 0.0135305
-21 -17 0.0154229
-21 -16 0.0175417
-21 -15 0.0199215
-21 -14 0.0226044
-21 -13 0.0256412
-21 -12 0.0290918
-21 -11 0.0330215
-21 -10 0.0374894
-21 -9 0.0425172
-21 -8 0.048018
-21 -7 0.0536503
-21 -6 0.0585631
-21 -5 0.0610795
-21 -4 0.0586964
-21 -3 0.0494489
-21 -2 0.0351194
-21 -1 0.0180674
-21 0 -6.11326e-05
-21 1 -0.0181889
-21 2 -0.035238
-21 3 -0.0495614
-21 4 -0.0587984
-21 5 -0.0611684
-21 6 -0.0586428
-21 7 -0.0537293
-21 8 -0.0481067
-21 9 -0.0426254
-21 10 -0.0376258
-21 11 -0.0331931
-21 12 -0.0293037
-21 13 -0.0258967
-21 14 -0.022905
-21 15 -0.0202669
-21 16 -0.0179299
-21 17 -0.0158504
-21 18 -0.0139922
-21 19 -0.0123258
-21 20 -0.0108261
-21 21 -0.00947213
-21 22 -0.00824552
-21 23 -0.00713018
-21 24 -0.00611163
-21 25 -0.00517661
-21 26 -0.00431277
-21 27 -0.00350843
-21 28 -0.00275243
-21 29 -0.00203399
-21 30 -0.00134261
-21 31 -0.000667988
-21 32 -0
-20 -32 -0
-20 -31 0.000572263
-20 -30 0.00115935
-20 -29 0.00177223
-20 -28 0.00242191
-20 -27 0.00311952
-20 -26 0.00387643
-20 -25 0.00470432
-20 -24 0.00561537
-20 -23 0.00662245
-20 -22 0.00773943
-20 -21 0.00898155
-20 -20 0.010366
-20 -19 0.0119125
-20 -18 0.0136446
-20 -17 0.0155908
-20 -16 0.0177867
-20 -15 0.0202773
-20 -14 0.023121
-20 -13 0.0263943
-20 -12 0.0301981
-20 -11 0.0346643
-20 -10 0.0399602
-20 -9 0.0462795
-20 -8 0.0537904
-20 -7 0.0624646
-20 -6 0.0716251
-20 -5 0.078983
-20 -4 0.0793902
-20 -3 0.0664093
-20 -2 0.0461166
-20 -1 0.0232963
-20 0 -8.4766e-05
-20 1 -0.0234658
-20 2 -0.046285
-20 3 -0.0665724
-20 4 -0.0795389
-20 5 -0.0791068
-20 6 -0.071728
-20 7 -0.0625582
-20 8 -0.0538876
-20 9 -0.0463921
-20 10 -0.0400978
-20 11 -0.0348344
-20 12 -0.0304062
-20 13 -0.0266438
-20 14 -0.0234136
-20 15 -0.0206128
-20 16 -0.0181634
-20 17 -0.0160055
-20 18 -0.0140924
-20 19 -0.0123874
-20 20 -0.0108608
-20 21 -0.00948835
-20 22 -0.00824931
-20 23 -0.00712594
-20 24 -0.00610259
-20 25 -0.0051651
-20 26 -0.00430051
-20 27 -0.00349665
-20 28 -0.00274204
-20 29 -0.00202563
-20 30 -0.00133675
-20 31 -0.000664953
-20 32 -0
-19 -32 -0
-19 -31 0.00056852
-19 -30 0.00115171
-19 -29 0.0017605
-19 -28 0.0024059
-19 -27 0.00309905
-19 -26 0.00385136
-19 -25 0.00467463
-19 -24 0.00558119
-19 -23 0.0065842
-19 -22 0.00769791
-19 -21 0.00893816
-19 -20 0.010323
-19 -19 0.0118734
-19 -18 0.0136147
-19 -17 0.0155783
-19 -16 0.0178041
-19 -15 0.0203441
-19 -14 0.0232681
-19 -13 0.0266719
-19 -12 0.0306908
-19 -11 0.0355188
-19 -10 0.0414406
-19 -9 0.0488737
-19 -8 0.0584124
-19 -7 0.0707944
-19 -6 0.08648
-19 -5 0.103818
-19 -4 0.113448
-19 -3 0.0906626
-19 -2 0.0596305
-19 -1 0.0290829
-19 0 -0.000103275
-19 1 -0.0292914
-19 2 -0.0598436
-19 3 -0.0908788
-19 4 -0.113653
-19 5 -0.103977
-19 6 -0.0866021
-19 7 -0.0708979
-19 8 -0.0585144
-19 9 -0.0489878
-19 10 -0.0415772
-19 11 -0.0356858
-19 12 -0.0308936
-19 13 -0.0269143
-19 14 -0.0235516
-19 15 -0.0206688
-19 16 -0.0181684
-19 17 -0.0159791
-19 18 -0.0140475
-19 19 -0.0123323
-19 20 -0.0108013
-19 21 -0.0094281
-19 22 -0.00819093
-19 23 -0.00707115
-19 24 -0.00605251
-19 25 -0.00512047
-19 26 -0.00426176
-19 27 -0.00346408
-19 28 -0.0027158
-19 29 -0.00200583
-19 30 -0.00132346
-19 31 -0.00065826
-19 32 -0
-18 -32 -0
-18 -31 0.000561133
-18 -30 0.00113663
-18 -29 0.00173727
-18 -28 0.00237389
-18 -27 0.00305747
-18 -26 0.00379927
-18 -25 0.00461093
-18 -24 0.00550467
-18 -23 0.00649349
-18 -22 0.00759153
-18 -21 0.00881454
-18 -20 0.0101804
-18 -19 0.0117103
-18 -18 0.0134295
-18 -17 0.0153696
-18 -16 0.0175712
-18 -15 0.0200877
-18 -14 0.0229918
-18 -13 0.026386
-18 -12 0.0304191
-18 -11 0.0353172
-18 -10 0.0414385
-18 -9 0.0493812
-18 -8 0.0601984
-18 -7 0.0758145
-18 -6 0.0996614
-18 -5 0.136323
-18 -4 0.179874
-18 -3 0.123131
-18 -2 0.0726434
-18 -1 0.0335042
-18 0 -0.000112701
-18 1 -0.0337341
-18 2 -0.072888
-18 3 -0.123402
-18 4 -0.180168
-18 5 -0.136518
-18 6 -0.0997949
-18 7 -0.0759211
-18 8 -0.0603005
-18 9 -0.0494937
-18 10 -0.0415721
-18 11 -0.0354796
-18 12 -0.0306157
-18 13 -0.0266201
-18 14 -0.0232653
-18 15 -0.0204006
-18 16 -0.0179221
-18 17 -0.0157555
-18 18 -0.0138461
-18 19 -0.0121522
-18 20 -0.0106411
-18 21 -0.00928641
-18 22 -0.00806646
-18 23 -0.00696267
-18 24 -0.00595888
-18 25 -0.00504068
-18 26 -0.00419493
-18 27 -0.00340944
-18 28 -0.00267274
-18 29 -0.00197387
-18 30 -0.00130228
-18 31 -0.000647683
-18 32 -0
-17 -32 -0
-17 -31 0.000549991
-17 -30 0.00111391
-17 -29 0.00170222
-17 -28 0.00232544
-17 -27 0.00299423
-17 -26 0.00371949
-17 -25 0.00451247
-17 -24 0.00538493
-17 -23 0.00634934
-17 -22 0.00741923
-17 -21 0.00860951
-17 -20 0.00993713
-17 -19 0.0114218
-17 -18 0.013087
-17 -17 0.0149621
-17 -16 0.0170839
-17 -15 0.0195009
-17 -14 0.0222788
-17 -13 0.025509
-17 -12 0.0293244
-17 -11 0.0339269
-17 -10 0.0396407
-17 -9 0.0470299
-17 -8 0.0571892
-17 -7 0.0725923
-17 -6 0.099996
-17 -5 0.161876
-17 -4 0.346502
-17 -3 0.149304
-17 -2 0.0742887
-17 -1 0.0323988
-17 0 -0.00010893
-17 1 -0.0326215
-17 2 -0.0745309
-17 3 -0.149606
-17 4 -0.346999
-17 5 -0.162089
-17 6 -0.100124
-17 7 -0.0726926
-17 8 -0.0572864
-17 9 -0.0471381
-17 10 -0.0397695
-17 11 -0.0340834
-17 12 -0.0295136
-17 13 -0.0257341
-17 14 -0.0225414
-17 15 -0.0198012
-17 16 -0.0174204
-17 17 -0.0153321
-17 18 -0.0134865
-17 19 -0.0118455
-17 20 -0.0103788
-17 21 -0.00906209
-17 22 -0.00787482
-17 23 -0.00679952
-17 24 -0.00582083
-17 25 -0.00492497
-17 26 -0.00409933
-17 27 -0.00333218
-17 28 -0.00261241
-17 29 -0.00192943
-17 30 -0.00127299
-17 31 -0.000633112
-17 32 -0
-16 -32 -0
-16 -31 0.000535101
-16 -30 0.00108355
-16 -29 0.00165537
-16 -28 0.00226064
-16 -27 0.00290951
-16 -26 0.00361234
-16 -25 0.00437975
-16 -24 0.00522277
-16 -23 0.00615298
-16 -22 0.00718279
-16 -21 0.00832572
-16 -20 0.00959683
-16 -19 0.0110133
-16 -18 0.0125953
-16 -17 0.0143671
-16 -16 0.0163585
-16 -15 0.0186075
-16 -14 0.0211634
-16 -13 0.0240918
-16 -12 0.0274818
-16 -11 0.0314572
-16 -10 0.0361914
-16 -9 0.0419228
-16 -8 0.0489391
-16 -7 0.0573578
-16 -6 0.0658205
-16 -5 0.0646045
-16 -4 -0
-16 -3 0.0532679
-16 -2 0.0427957
-16 -1 0.021909
-16 0 -9.17805e-05
-16 1 -0.0220902
-16 2 -0.0429664
-16 3 -0.0534024
-16 4 -0
-16 5 -0.0646923
-16 6 -0.0659084
-16 7 -0.0574418
-16 8 -0.0490276
-16 9 -0.0420246
-16 10 -0.0363141
-16 11 -0.0316068
-16 12 -0.0276627
-16 13 -0.024307
-16 14 -0.0214144
-16 15 -0.0188943
-16 16 -0.0166798
-16 17 -0.0147203
-16 18 -0.0129766
-16 19 -0.0114177
-16 20 -0.0100185
-16 21 -0.0087578
-16 22 -0.00761782
-16 23 -0.00658291
-16 24 -0.00563914
-16 25 -0.00477384
-16 26 -0.00397529
-16 27 -0.00323248
-16 28 -0.00253492
-16 29 -0.00187256
-16 30 -0.00123561
-16 31 -0.000614554
-16 32 -0
-15 -32 -0
-15 -31 0.000516575
-15 -30 0.0010458
-15 -29 0.00159714
-15 -28 0.00218008
-15 -27 0.00280416
-15 -26 0.00347901
-15 -25 0.00421443
-15 -24 0.00502049
-15 -23 0.00590759
-15 -22 0.00688665
-15 -21 0.00796929
-15 -20 0.00916806
-15 -19 0.0104968
-15 -18 0.011971
-15 -17 0.0136083
-15 -16 0.0154294
-15 -15 0.0174582
-15 -14 0.0197228
-15 -13 0.0222553
-15 -12 0.0250905
-15 -11 0.028259
-15 -10 0.0317677
-15 -9 0.0355455
-15 -8 0.0392924
-15 -7 0.0420759
-15 -6 0.0413132
-15 -5 0.0307187
-15 -4 -0
-15 -3 0.0209602
-15 -2 0.0217098
-15 -1 0.0125324
-15 0 -7.08567e-05
-15 1 -0.0126681
-15 2 -0.0218252
-15 3 -0.021033
-15 4 -0
-15 5 -0.0307625
-15 6 -0.0413729
-15 7 -0.0421439
-15 8 -0.0393709
-15 9 -0.0356399
-15 10 -0.0318834
-15 11 -0.0284009
-15 12 -0.0252625
-15 13 -0.02246
-15 14 -0.0199613
-15 15 -0.0177307
-15 16 -0.0157346
-15 17 -0.0139438
-15 18 -0.0123331
-15 19 -0.0108808
-15 20 -0.00956847
-15 21 -0.00837966
-15 22 -0.00729988
-15 23 -0.00631605
-15 24 -0.00541614
-15 25 -0.00458897
-15 26 -0.00382399
-15 27 -0.00311118
-15 28 -0.00244085
-15 29 -0.00180363
-15 30 -0.00119038
-15 31 -0.000592121
-15 32 -0
-14 -32 -0
-14 -31 0.000494619
-14 -30 0.00100108
-14 -29 0.0015282
-14 -28 0.00208477
-14 -27 0.00267959
-14 -26 0.00332144
-14 -25 0.00401918
-14 -24 0.0047817
-14 -23 0.00561804
-14 -22 0.00653738
-14 -21 0.00754913
-14 -20 0.00866297
-14 -19 0.00988891
-14 -18 0.0112373
-14 -17 0.0127186
-14 -16 0.0143433
-14 -15 0.016121
-14 -14 0.0180584
-14 -13 0.0201561
-14 -12 0.0224007
-14 -11 0.0247492
-14 -10 0.0270973
-14 -9 0.0292145
-14 -8 0.0306175
-14 -7 0.0303425
-14 -6 0.0266364
-14 -5 0.0169567
-14 -4 -0
-14 -3 0.0088576
-14 -2 0.0105474
-14 -1 0.0065813
-14 0 -5.20556e-05
-14 1 -0.00667915
-14 2 -0.0106258
-14 3 -0.00890245
-14 4 -0
-14 5 -0.0169825
-14 6 -0.0266789
-14 7 -0.0303979
-14 8 -0.0306868
-14 9 -0.0293012
-14 10 -0.0272056
-14 11 -0.0248829
-14 12 -0.0225631
-14 13 -0.0203495
-14 14 -0.0182838
-14 15 -0.0163784
-14 16 -0.0146315
-14 17 -0.0130353
-14 18 -0.0115791
-14 19 -0.0102515
-14 20 -0.00904099
-14 21 -0.00793659
-14 22 -0.00692759
-14 23 -0.00600381
-14 24 -0.00515543
-14 25 -0.00437301
-14 26 -0.00364741
-14 27 -0.00296972
-14 28 -0.00233122
-14 29 -0.00172337
-14 30 -0.00113774
-14 31 -0.000566024
-14 32 -0
-13 -32 -0
-13 -31 0.00046952
-13 -30 0.000949988
-13 -29 0.0014495
-13 -28 0.00197608
-13 -27 0.00253769
-13 -26 0.0031422
-13 -25 0.0037974
-13 -24 0.00451094
-13 -23 0.00529037
-13 -22 0.00614304
-13 -21 0.00707603
-13 -20 0.00809608
-13 -19 0.00920932
-13 -18 0.010421
-13 -17 0.0117348
-13 -16 0.0131518
-13 -15 0.0146688
-13 -14 0.0162753
-13 -13 0.0179475
-13 -12 0.0196397
-13 -11 0.0212674
-13 -10 0.0226797
-13 -9 0.023614
-13 -8 0.0236311
-13 -7 0.0220457
-13 -6 0.0179352
-13 -5 0.0104729
-13 -4 -0
-13 -3 0.00392039
-13 -2 0.00503908
-13 -1 0.00329775
-13 0 -3.72228e-05
-13 1 -0.003367
-13 2 -0.00509299
-13 3 -0.00394998
-13 4 -0
-13 5 -0.0104898
-13 6 -0.0179671
-13 7 -0.0220916
-13 8 -0.0236923
-13 9 -0.0236932
-13 10 -0.0227802
-13 11 -0.0213925
-13 12 -0.019792
-13 13 -0.0181289
-13 14 -0.0164868
-13 15 -0.0149103
-13 16 -0.0134221
-13 17 -0.0120318
-13 18 -0.0107415
-13 19 -0.00954929
-13 20 -0.00845057
-13 21 -0.00743941
-13 22 -0.00650905
-13 23 -0.00565226
-13 24 -0.00486158
-13 25 -0.00412942
-13 26 -0.00344812
-13 27 -0.00281001
-13 28 -0.00220742
-13 29 -0.00163272
-13 30 -0.00107828
-13 31 -0.000536553
-13 32 -0
-12 -32 -0
-12 -31 0.000441616
-12 -30 0.000893229
-12 -29 0.00136216
-12 -28 0.00185561
-12 -27 0.00238067
-12 -26 0.00294424
-12 -25 0.003553
-12 -24 0.00421337
-12 -23 0.00493136
-12 -22 0.00571252
-12 -21 0.00656171
-12 -20 0.00748284
-12 -19 0.00847854
-12 -18 0.00954948
-12 -17 0.0106935
-12 -16 0.0119044
-12 -15 0.0131691
-12 -14 0.014465
-12 -13 0.0157539
-12 -12 0.0169741
-12 -11 0.0180274
-12 -10 0.0187613
-12 -9 0.0189469
-12 -8 0.0182589
-12 -7 0.0162811
-12 -6 0.0125899
-12 -5 0.00700077
-12 -4 -0
-12 -3 0.00178384
-12 -2 0.00239018
-12 -1 0.00160813
-12 0 -2.62352e-05
-12 1 -0.0016567
-12 2 -0.00242749
-12 3 -0.00180401
-12 4 -0
-12 5 -0.00701293
-12 6 -0.0126149
-12 7 -0.0163198
-12 8 -0.018313
-12 9 -0.0190189
-12 10 -0.0188539
-12 11 -0.0181434
-12 12 -0.0171158
-12 13 -0.0159228
-12 14 -0.0146619
-12 15 -0.0133939
-12 16 -0.0121559
-12 17 -0.0109699
-12 18 -0.00984772
-12 19 -0.00879485
-12 20 -0.00781269
-12 21 -0.00689984
-12 22 -0.00605315
-12 23 -0.0052682
-12 24 -0.00453978
-12 25 -0.00386213
-12 26 -0.0032291
-12 27 -0.00263427
-12 28 -0.00207107
-12 29 -0.00153281
-12 30 -0.00101273
-12 31 -0.000504056
-12 32 -0
-11 -32 -0
-11 -31 0.000411283
-11 -30 0.000831574
-11 -29 0.00126739
-11 -28 0.00172509
-11 -27 0.00221088
-11 -26 0.00273069
-11 -25 0.00329012
-11 -24 0.00389434
-11 -23 0.00454796
-11 -22 0.00525483
-11 -21 0.00601779
-11 -20 0.00683835
-11 -19 0.00771612
-11 -18 0.00864818
-11 -17 0.00962797
-11 -16 0.0106438
-11 -15 0.0116768
-11 -14 0.0126975
-11 -13 0.0136618
-11 -12 0.0145044
-11 -11 0.0151314
-11 -10 0.0154116
-11 -9 0.0151695
-11 -8 0.0141884
-11 -7 0.0122377
-11 -6 0.00914703
-11 -5 0.00494186
-11 -4 -0
-11 -3 0.000824373
-11 -2 0.00112949
-11 -1 0.00077113
-11 0 -1.83507e-05
-11 1 -0.000805029
-11 2 -0.00115539
-11 3 -0.000838311
-11 4 -0
-11 5 -0.00495103
-11 6 -0.00916729
-11 7 -0.0122708
-11 8 -0.0142363
-11 9 -0.0152345
-11 10 -0.0154962
-11 11 -0.015238
-11 12 -0.0146348
-11 13 -0.0138174
-11 14 -0.0128791
-11 15 -0.0118841
-11 16 -0.0108758
-11 17 -0.00988277
-11 18 -0.00892312
-11 19 -0.00800773
-11 20 -0.00714244
-11 21 -0.00632956
-11 22 -0.00556893
-11 23 -0.00485861
-11 24 -0.00419542
-11 25 -0.0035753
-11 26 -0.00299352
-11 27 -0.0024449
-11 28 -0.00192394
-11 29 -0.00142489
-11 30 -0.000941873
-11 31 -0.000468914
-11 32 -0
-10 -32 -0
-10 -31 0.000378907
-10 -30 0.000765819
-10 -29 0.00116644
-10 -28 0.00158631
-10 -27 0.00203073
-10 -26 0.00250471
-10 -25 0.00301282
-10 -24 0.00355908
-10 -23 0.00414684
-10 -22 0.00477845
-10 -21 0.00545509
-10 -20 0.00617628
-10 -19 0.00693936
-10 -18 0.0077388
-10 -17 0.00856511
-10 -16 0.00940354
-10 -15 0.0102322
-10 -14 0.0110195
-10 -13 0.0117212
-10 -12 0.0122768
-10 -11 0.0126054
-10 -10 0.0126035
-10 -9 0.0121465
-10 -8 0.0110991
-10 -7 0.00934245
-10 -6 0.00682329
-10 -5 0.00362116
-10 -4 -0
-10 -3 0.000384036
-10 -2 0.000532256
-10 -1 0.000365496
-10 0 -1.27829e-05
-10 1 -0.000389092
-10 2 -0.000550256
-10 3 -0.000393717
-10 4 -0
-10 5 -0.00362833
-10 6 -0.00684
-10 7 -0.00937081
-10 8 -0.0111413
-10 9 -0.0122048
-10 10 -0.01268
-10 11 -0.0127022
-10 12 -0.0123956
-10 13 -0.0118631
-10 14 -0.011185
-10 15 -0.0104212
-10 16 -0.00961505
-10 17 -0.00879743
-10 18 -0.00798948
-10 19 -0.00720525
-10 20 -0.00645356
-10 21 -0.00573941
-10 22 -0.00506494
-10 23 -0.00443022
-10 24 -0.00383379
-10 25 -0.00327305
-10 26 -0.00274459
-10 27 -0.00224434
-10 28 -0.00176783
-10 29 -0.00131023
-10 30 -0.000866524
-10 31 -0.000431527
-10 32 -0
-9 -32 -0
-9 -31 0.000344867
-9 -30 0.000696738
-9 -29 0.00106052
-9 -28 0.00144095
-9 -27 0.0018425
-9 -26 0.00226926
-9 -25 0.0027249
-9 -24 0.00321242
-9 -23 0.00373404
-9 -22 0.00429095
-9 -21 0.00488297
-9 -20 0.00550818
-9 -19 0.00616238
-9 -18 0.0068384
-9 -17 0.00752524
-9 -16 0.00820689
-9 -15 0.00886093
-9 -14 0.00945686
-9 -13 0.00995418
-9 -12 0.0103006
-9 -11 0.0104311
-9 -10 0.0102685
-9 -9 0.00972835
-9 -8 0.00873011
-9 -7 0.00721734
-9 -6 0.00518706
-9 -5 0.00272096
-9 -4 -0
-9 -3 0.000179495
-9 -2 0.000250067
-9 -1 0.000171567
-9 0 -8.88182e-06
-9 1 -0.00018796
-9 2 -0.000262571
-9 3 -0.000186227
-9 4 -0
-9 5 -0.00272668
-9 6 -0.00520097
-9 7 -0.00724168
-9 8 -0.00876704
-9 9 -0.00977996
-9 10 -0.0103368
-9 11 -0.0105179
-9 12 -0.0104073
-9 13 -0.0100817
-9 14 -0.00960574
-9 15 -0.00903092
-9 16 -0.00839713
-9 17 -0.0077342
-9 18 -0.00706389
-9 19 -0.00640156
-9 20 -0.00575765
-9 21 -0.00513881
-9 22 -0.00454878
-9 23 -0.00398913
-9 24 -0.00345974
-9 25 -0.00295924
-9 26 -0.00248531
-9 27 -0.00203492
-9 28 -0.00160449
-9 29 -0.00119009
-9 30 -0.000787482
-9 31 -0.000392283
-9 32 -0
-8 -32 -0
-8 -31 0.000309515
-8 -30 0.000625052
-8 -29 0.000950759
-8 -28 0.0012906
-8 -27 0.00164825
-8 -26 0.00202702
-8 -25 0.00242972
-8 -24 0.00285851
-8 -23 0.00331471
-8 -22 0.00379858
-8 -21 0.004309
-8 -20 0.00484309
-8 -19 0.00539578
-8 -18 0.00595918
-8 -17 0.00652186
-8 -16 0.00706801
-8 -15 0.00757645
-8 -14 0.00801957
-8 -13 0.00836246
-8 -12 0.00856232
-8 -11 0.00856899
-8 -10 0.00832713
-8 -9 0.00778144
-8 -8 0.00688579
-8 -7 0.0056169
-8 -6 0.00399086
-8 -5 0.00207697
-8 -4 -0
-8 -3 8.38999e-05
-8 -2 0.00011702
-8 -1 7.97291e-05
-8 0 -6.15721e-06
-8 1 -9.10949e-05
-8 2 -0.000125694
-8 3 -8.85747e-05
-8 4 -0
-8 5 -0.00208158
-8 6 -0.00400245
-8 7 -0.00563765
-8 8 -0.00691773
-8 9 -0.00782652
-8 10 -0.00838713
-8 11 -0.00864545
-8 12 -0.0086565
-8 13 -0.00847517
-8 14 -0.00815118
-8 15 -0.00772674
-8 16 -0.00723623
-8 17 -0.00670664
-8 18 -0.0061586
-8 19 -0.00560735
-8 20 -0.0050638
-8 21 -0.00453539
-8 22 -0.0040268
-8 23 -0.00354056
-8 24 -0.00307753
-8 25 -0.0026373
-8 26 -0.00221843
-8 27 -0.00181876
-8 28 -0.00143554
-8 29 -0.0010656
-8 30 -0.000705495
-8 31 -0.000351551
-8 32 -0
-7 -32 -0
-7 -31 0.000273164
-7 -30 0.000551396
-7 -29 0.000838125
-7 -28 0.00113659
-7 -27 0.00144976
-7 -26 0.00178022
-7 -25 0.00213007
-7 -24 0.00250076
-7 -23 0.00289293
-7 -22 0.00330618
-7 -21 0.00373879
-7 -20 0.00418741
-7 -19 0.00464666
-7 -18 0.00510864
-7 -17 0.00556238
-7 -16 0.00599325
-7 -15 0.00638235
-7 -14 0.00670594
-7 -13 0.00693522
-7 -12 0.00703647
-7 -11 0.00697226
-7 -10 0.00670395
-7 -9 0.0061962
-7 -8 0.00542374
-7 -7 0.00438004
-7 -6 0.00308628
-7 -5 0.00159729
-7 -4 -0
-7 -3 3.9115e-05
-7 -2 5.44495e-05
-7 -1 3.65876e-05
-7 0 -4.25452e-06
-7 1 -4.44427e-05
-7 2 -6.04482e-05
-7 3 -4.23513e-05
-7 4 -0
-7 5 -0.001601
-7 6 -0.00309586
-7 7 -0.00439748
-7 8 -0.0054509
-7 9 -0.0062348
-7 10 -0.00675554
-7 11 -0.00703818
-7 12 -0.00711778
-7 13 -0.00703261
-7 14 -0.00681971
-7 15 -0.0065123
-7 16 -0.00613874
-7 17 -0.00572223
-7 18 -0.0052812
-7 19 -0.00482978
-7 20 -0.0043785
-7 21 -0.00393486
-7 22 -0.0035039
-7 23 -0.00308866
-7 24 -0.00269064
-7 25 -0.00231008
-7 26 -0.00194627
-7 27 -0.00159771
-7 28 -0.00126238
-7 29 -0.000937813
-7 30 -0.00062123
-7 31 -0.000309657
-7 32 -0
-6 -32 -0
-6 -31 0.000236076
-6 -30 0.000476304
-6 -29 0.000723439
-6 -28 0.000980057
-6 -27 0.00124848
-6 -26 0.00153066
-6 -25 0.00182811
-6 -24 0.00214173
-6 -23 0.00247166
-6 -22 0.00281709
-6 -21 0.00317603
-6 -20 0.00354504
-6 -19 0.00391889
-6 -18 0.00429021
-6 -17 0.00464912
-6 -16 0.00498278
-6 -15 0.00527513
-6 -14 0.00550662
-6 -13 0.00565433
-6 -12 0.00569256
-6 -11 0.00559409
-6 -10 0.00533251
-6 -9 0.00488576
-6 -8 0.00424075
-6 -7 0.00339876
-6 -6 0.00238021
-6 -5 0.00122693
-6 -4 -0
-6 -3 1.81399e-05
-6 -2 2.51268e-05
-6 -1 1.64989e-05
-6 0 -2.92189e-06
-6 1 -2.18946e-05
-6 2 -2.92496e-05
-6 3 -2.03661e-05
-6 4 -0
-6 5 -0.00122989
-6 6 -0.00238799
-6 7 -0.0034131
-6 8 -0.00426324
-6 9 -0.00491789
-6 10 -0.0053756
-6 11 -0.00564925
-6 12 -0.00576067
-6 13 -0.00573598
-6 14 -0.00560204
-6 15 -0.00538418
-6 16 -0.00510492
-6 17 -0.00478336
-6 18 -0.00443519
-6 19 -0.0040728
-6 20 -0.00370573
-6 21 -0.00334099
-6 22 -0.00298352
-6 23 -0.00263649
-6 24 -0.00230171
-6 25 -0.00197985
-6 26 -0.00167068
-6 27 -0.00137329
-6 28 -0.0010862
-6 29 -0.000807577
-6 30 -0.000535255
-6 31 -0.000266885
-6 32 -0
-5 -32 -0
-5 -31 0.000198463
-5 -30 0.0004002
-5 -29 0.000607341
-5 -28 0.000821856
-5 -27 0.00104548
-5 -26 0.00127965
-5 -25 0.00152537
-5 -24 0.00178313
-5 -23 0.00205275
-5 -22 0.00233324
-5 -21 0.00262259
-5 -20 0.00291757
-5 -19 0.00321348
-5 -18 0.00350387
-5 -17 0.00378032
-5 -16 0.00403217
-5 -15 0.00424636
-5 -14 0.00440749
-5 -13 0.004498
-5 -12 0.00449889
-5 -11 0.00439091
-5 -10 0.0041564
-5 -9 0.00378189
-5 -8 0.00326119
-5 -7 0.00259864
-5 -6 0.00181157
-5 -5 0.000931065
-5 -4 -0
-5 -3 8.34145e-06
-5 -2 1.14574e-05
-5 -1 7.25371e-06
-5 0 -1.98163e-06
-5 1 -1.09137e-05
-5 2 -1.42552e-05
-5 3 -9.85309e-06
-5 4 -0
-5 5 -0.000933363
-5 6 -0.00181769
-5 7 -0.00261
-5 8 -0.0032791
-5 9 -0.00380756
-5 10 -0.00419089
-5 11 -0.00443513
-5 12 -0.00455354
-5 13 -0.00456356
-5 14 -0.00448415
-5 15 -0.00433403
-5 16 -0.00413041
-5 17 -0.00388837
-5 18 -0.00362064
-5 19 -0.00333754
-5 20 -0.0030472
-5 21 -0.00275577
-5 22 -0.0024677
-5 23 -0.00218602
-5 24 -0.00191257
-5 25 -0.00164822
-5 26 -0.00139308
-5 27 -0.00114665
-5 28 -0.000907929
-5 29 -0.000675592
-5 30 -0.000448032
-5 31 -0.000223465
-5 32 -0
-4 -32 -0
-4 -31 0.000160481
-4 -30 0.000323397
-4 -29 0.000490296
-4 -28 0.000662595
-4 -27 0.000841518
-4 -26 0.00102803
-4 -25 0.00122275
-4 -24 0.00142588
-4 -23 0.00163706
-4 -22 0.0018553
-4 -21 0.00207876
-4 -20 0.00230468
-4 -19 0.00252913
-4 -18 0.00274686
-4 -17 0.00295115
-4 -16 0.00313365
-4 -15 0.00328437
-4 -14 0.00339176
-4 -13 0.00344301
-4 -12 0.00342464
-4 -11 0.00332351
-4 -10 0.00312817
-4 -9 0.00283066
-4 -8 0.0024285
-4 -7 0.00192657
-4 -6 0.00133843
-4 -5 0.000686381
-4 -4 -0
-4 -3 3.78606e-06
-4 -2 5.13514e-06
-4 -1 3.07466e-06
-4 0 -1.30803e-06
-4 1 -5.49079e-06
-4 2 -6.98271e-06
-4 3 -4.78476e-06
-4 4 -0
-4 5 -0.000688089
-4 6 -0.00134299
-4 7 -0.00193505
-4 8 -0.00244188
-4 9 -0.00284986
-4 10 -0.00315399
-4 11 -0.00335663
-4 12 -0.00346561
-4 13 -0.00349218
-4 14 -0.00344932
-4 15 -0.00335025
-4 16 -0.00320755
-4 17 -0.00303253
-4 18 -0.00283491
-4 19 -0.0026228
-4 20 -0.00240269
-4 21 -0.00217958
-4 22 -0.00195722
-4 23 -0.00173821
-4 24 -0.00152424
-4 25 -0.00131621
-4 26 -0.0011144
-4 27 -0.000918617
-4 28 -0.000728243
-4 29 -0.000542381
-4 30 -0.000359914
-4 31 -0.000179574
-4 32 -0
-3 -32 -0
-3 -31 0.000122238
-3 -30 0.000246104
-3 -29 0.000372606
-3 -28 0.000502651
-3 -27 0.000637001
-3 -26 0.000776223
-3 -25 0.000920631
-3 -24 0.00107022
-3 -23 0.00122458
-3 -22 0.00138283
-3 -21 0.00154351
-3 -20 0.00170444
-3 -19 0.00186268
-3 -18 0.00201432
-3 -17 0.00215449
-3 -16 0.00227721
-3 -15 0.00237546
-3 -14 0.00244125
-3 -13 0.00246592
-3 -12 0.00244058
-3 -11 0.00235682
-3 -10 0.00220764
-3 -9 0.00198861
-3 -8 0.00169907
-3 -7 0.00134318
-3 -6 0.000930625
-3 -5 0.000476433
-3 -4 -0
-3 -3 1.67975e-06
-3 -2 2.24079e-06
-3 -1 1.24023e-06
-3 0 -8.11144e-07
-3 1 -2.73865e-06
-3 2 -3.38685e-06
-3 3 -2.29944e-06
-3 4 -0
-3 5 -0.000477596
-3 6 -0.000933689
-3 7 -0.00134884
-3 8 -0.00170796
-3 9 -0.00200134
-3 10 -0.00222473
-3 11 -0.00237873
-3 12 -0.00246769
-3 13 -0.00249849
-3 14 -0.00247943
-3 15 -0.00241924
-3 16 -0.00232643
-3 17 -0.00220882
-3 18 -0.00207326
-3 19 -0.00192555
-3 20 -0.0017704
-3 21 -0.00161154
-3 22 -0.00145179
-3 23 -0.00129318
-3 24 -0.00113708
-3 25 -0.000984299
-3 26 -0.000835182
-3 27 -0.000689717
-3 28 -0.0005476
-3 29 -0.000408309
-3 30 -0.000271156
-3 31 -0.000135342
-3 32 -0
-2 -32 -0
-2 -31 8.37989e-05
-2 -30 0.000168446
-2 -29 0.000254437
-2 -28 0.000342205
-2 -27 0.000432091
-2 -26 0.000524313
-2 -25 0.000618932
-2 -24 0.000715813
-2 -23 0.00081458
-2 -22 0.000914565
-2 -21 0.00101475
-2 -20 0.00111372
-2 -19 0.00120957
-2 -18 0.00129989
-2 -17 0.00138168
-2 -16 0.00145134
-2 -15 0.00150471
-2 -14 0.00153713
-2 -13 0.00154363
-2 -12 0.00151921
-2 -11 0.00145926
-2 -10 0.0013601
-2 -9 0.00121962
-2 -8 0.00103791
-2 -7 0.000817814
-2 -6 0.000565214
-2 -5 0.000288902
-2 -4 -0
-2 -3 6.99546e-07
-2 -2 9.18968e-07
-2 -1 4.69664e-07
-2 0 -4.24853e-07
-2 1 -1.25452e-06
-2 2 -1.51934e-06
-2 3 -1.02423e-06
-2 4 -0
-2 5 -0.000289549
-2 6 -0.000566825
-2 7 -0.00082069
-2 8 -0.00104233
-2 9 -0.00122586
-2 10 -0.00136841
-2 11 -0.00146988
-2 12 -0.00153235
-2 13 -0.00155946
-2 14 -0.00155576
-2 15 -0.00152619
-2 16 -0.00147566
-2 17 -0.00140872
-2 18 -0.00132945
-2 19 -0.00124136
-2 20 -0.00114733
-2 21 -0.00104969
-2 22 -0.000950249
-2 23 -0.000850337
-2 24 -0.000750898
-2 25 -0.000652542
-2 26 -0.000555605
-2 27 -0.0004602
-2 28 -0.000366266
-2 29 -0.000273607
-2 30 -0.000181927
-2 31 -9.08605e-05
-2 32 -0
-1 -32 -0
-1 -31 4.51969e-05
-1 -30 9.04784e-05
-1 -29 0.00013585
-1 -28 0.000181291
-1 -27 0.000226747
-1 -26 0.000272119
-1 -25 0.00031725
-1 -24 0.000361921
-1 -23 0.00040583
-1 -22 0.000448586
-1 -21 0.000489691
-1 -20 0.000528523
-1 -19 0.000564325
-1 -18 0.000596185
-1 -17 0.000623032
-1 -16 0.000643629
-1 -15 0.00065659
-1 -14 0.000660411
-1 -13 0.00065353
-1 -12 0.00063443
-1 -11 0.000601769
-1 -10 0.000554558
-1 -9 0.000492361
-1 -8 0.000415488
-1 -7 0.000325162
-1 -6 0.000223589
-1 -5 0.000113909
-1 -4 -0
-1 -3 2.02779e-07
-1 -2 2.70508e-07
-1 -1 1.49664e-07
-1 0 -9.81291e-08
-1 1 -3.30939e-07
-1 2 -4.0916e-07
-1 3 -2.77752e-07
-1 4 -0
-1 5 -0.000114055
-1 6 -0.000223771
-1 7 -0.000325279
-1 8 -0.000415456
-1 9 -0.000492122
-1 10 -0.000554086
-1 11 -0.00060107
-1 12 -0.000633546
-1 13 -0.000652531
-1 14 -0.00065939
-1 15 -0.00065566
-1 16 -0.000642908
-1 17 -0.000622636
-1 18 -0.000596218
-1 19 -0.00056487
-1 20 -0.000529634
-1 21 -0.000491386
-1 22 -0.000450844
-1 23 -0.000408586
-1 24 -0.000365072
-1 25 -0.000320657
-1 26 -0.000275609
-1 27 -0.000230129
-1 28 -0.000184361
-1 29 -0.000138406
-1 30 -9.2332e-05
-1 31 -4.61858e-05
-1 32 -0
0 -32 -0
0 -31 6.44466e-06
0 -30 1.22174e-05
0 -29 1.68405e-05
0 -28 1.98499e-05
0 -27 2.08048e-05
0 -26 1.92986e-05
0 -25 1.49735e-05
0 -24 7.53723e-06
0 -23 -3.2162e-06
0 -22 -1.73834e-05
0 -21 -3.49251e-05
0 -20 -5.56378e-05
0 -19 -7.91254e-05
0 -18 -0.000104771
0 -17 -0.000131716
0 -16 -0.000158846
0 -15 -0.000184796
0 -14 -0.000207976
0 -13 -0.000226632
0 -12 -0.000238941
0 -11 -0.00024315
0 -10 -0.000237761
0 -9 -0.000221738
0 -8 -0.000194715
0 -7 -0.000157177
0 -6 -0.000110542
0 -5 -5.71355e-05
0 -4 -0
0 -3 -1.59383e-07
0 -2 -1.90474e-07
0 -1 -4.49759e-08
0 0 2.1175e-07
0 1 4.36188e-07
0 2 4.89792e-07
0 3 3.21302e-07
0 4 -0
0 5 5.74849e-05
0 6 0.000111781
0 7 0.000159809
0 8 0.000199194
0 9 0.000228449
0 10 0.000247014
0 11 0.000255166
0 12 0.000253847
0 13 0.000244455
0 14 0.000228642
0 15 0.000208136
0 16 0.000184601
0 17 0.000159545
0 18 0.000134266
0 19 0.000109822
0 20 8.70315e-05
0 21 6.64846e-05
0 22 4.85645e-05
0 23 3.34734e-05
0 24 2.12587e-05
0 25 1.18389e-05
0 26 5.02767e-06
0 27 5.54686e-07
0 28 -1.91634e-06
0 29 -2.77192e-06
0 30 -2.43562e-06
0 31 -1.35668e-06
0 32 -0
1 -32 -0
1 -31 -3.24521e-05
1 -30 -6.6336e-05
1 -29 -0.000102617
1 -28 -0.000142208
1 -27 -0.000185943
1 -26 -0.000234543
1 -25 -0.000288578
1 -24 -0.000348425
1 -23 -0.00041421
1 -22 -0.000485751
1 -21 -0.00056249
1 -20 -0.000643421
1 -19 -0.000727011
1 -18 -0.00081113
1 -17 -0.000892996
1 -16 -0.000969138
1 -15 -0.00103541
1 -14 -0.00108707
1 -13 -0.00111896
1 -12 -0.00112577
1 -11 -0.00110249
1 -10 -0.00104493
1 -9 -0.000950379
1 -8 -0.000818263
1 -7 -0.000650686
1 -6 -0.000452744
1 -5 -0.000232418
1 -4 -0
1 -3 -6.54034e-07
1 -2 -8.34895e-07
1 -1 -3.59427e-07
1 0 5.44829e-07
1 1 1.36596e-06
1 2 1.6049e-06
1 3 1.07051e-06
1 4 -0
1 5 0.000233268
1 6 0.000455411
1 7 0.00065607
1 8 0.000827181
1 9 0.000963545
1 10 0.00106293
1 11 0.00112577
1 12 0.00115463
1 13 0.00115352
1 14 0.00112729
1 15 0.00108105
1 16 0.00101981
1 17 0.000948132
1 18 0.00087002
1 19 0.000788811
1 20 0.000707179
1 21 0.000627164
1 22 0.000550233
1 23 0.000477347
1 24 0.000409042
1 25 0.000345492
1 26 0.000286579
1 27 0.000231951
1 28 0.000181067
1 29 0.000133249
1 30 8.77108e-05
1 31 4.35949e-05
1 32 -0
2 -32 -0
2 -31 -7.14811e-05
2 -30 -0.000145167
2 -29 -0.000222527
2 -28 -0.000304943
2 -27 -0.000393662
2 -26 -0.000489748
2 -25 -0.000594018
2 -24 -0.000706969
2 -23 -0.000828698
2 -22 -0.000958798
2 -21 -0.00109625
2 -20 -0.00123932
2 -19 -0.00138538
2 -18 -0.00153086
2 -17 -0.00167106
2 -16 -0.00180015
2 -15 -0.00191112
2 -14 -0.00199592
2 -13 -0.00204568
2 -12 -0.00205123
2 -11 -0.00200374
2 -10 -0.00189571
2 -9 -0.00172213
2 -8 -0.00148166
2 -7 -0.00117776
2 -6 -0.0008193
2 -5 -0.000420523
2 -4 -0
2 -3 -1.63012e-06
2 -2 -2.14882e-06
2 -1 -1.11908e-06
2 0 9.43694e-07
2 1 2.8624e-06
2 2 3.48227e-06
2 3 2.35119e-06
2 4 -0
2 5 0.000421891
2 6 0.000823416
2 7 0.00118591
2 8 0.00149502
2 9 0.00174173
2 10 0.00192241
2 11 0.0020382
2 12 0.00209392
2 13 0.00209683
2 14 0.0020555
2 15 0.00197886
2 16 0.0018755
2 17 0.00175325
2 18 0.00161887
2 19 0.001478
2 20 0.00133515
2 21 0.00119375
2 22 0.00105629
2 23 0.000924436
2 24 0.00079914
2 25 0.000680783
2 26 0.000569268
2 27 0.000464117
2 28 0.000364559
2 29 0.00026959
2 30 0.000178042
2 31 8.86305e-05
2 32 -0
3 -32 -0
3 -31 -0.00011061
3 -30 -0.000224221
3 -29 -0.000342832
3 -28 -0.000468323
3 -27 -0.000602396
3 -26 -0.000746501
3 -25 -0.000901754
3 -24 -0.00106885
3 -23 -0.00124792
3 -22 -0.00143843
3 -21 -0.00163902
3 -20 -0.00184731
3 -19 -0.00205973
3 -18 -0.00227132
3 -17 -0.00247558
3 -16 -0.00266429
3 -15 -0.00282747
3 -14 -0.0029535
3 -13 -0.00302939
3 -12 -0.00304137
3 -11 -0.00297591
3 -10 -0.00282106
3 -9 -0.00256827
3 -8 -0.00221442
3 -7 -0.00176367
3 -6 -0.0012288
3 -5 -0.000631322
3 -4 -0
3 -3 -3.73053e-06
3 -2 -5.0318e-06
3 -1 -2.93768e-06
3 0 1.45897e-06
3 1 5.63265e-06
3 2 7.0927e-06
3 3 4.84463e-06
3 4 -0
3 5 0.000633236
3 6 0.0012344
3 7 0.00177462
3 8 0.00223222
3 9 0.00259426
3 10 0.00285635
3 11 0.00302141
3 12 0.00309771
3 13 0.00309689
3 14 0.00303217
3 15 0.00291697
3 16 0.00276396
3 17 0.00258444
3 18 0.00238805
3 19 0.00218275
3 20 0.00197479
3 21 0.00176891
3 22 0.00156851
3 23 0.00137583
3 24 0.00119216
3 25 0.00101799
3 26 0.000853156
3 27 0.000696992
3 28 0.000548437
3 29 0.000406121
3 30 0.000268454
3 31 0.000133692
3 32 -0
4 -32 -0
4 -31 -0.000149775
4 -30 -0.000303375
4 -29 -0.000463367
4 -28 -0.000632172
4 -27 -0.000811993
4 -26 -0.00100473
4 -25 -0.00121187
4 -24 -0.00143439
4 -23 -0.00167259
4 -22 -0.00192594
4 -21 -0.00219286
4 -20 -0.00247053
4 -19 -0.00275459
4 -18 -0.0030389
4 -17 -0.00331522
4 -16 -0.00357303
4 -15 -0.00379932
4 -14 -0.00397859
4 -13 -0.00409313
4 -12 -0.00412366
4 -11 -0.00405053
4 -10 -0.00385562
4 -9 -0.00352488
4 -8 -0.00305148
4 -7 -0.00243904
4 -6 -0.00170415
4 -5 -0.000877116
4 -4 -0
4 -3 -8.27851e-06
4 -2 -1.13397e-05
4 -1 -7.09676e-06
4 0 2.15578e-06
4 1 1.10784e-05
4 2 1.43836e-05
4 3 9.92322e-06
4 4 -0
4 5 0.000879621
4 6 0.0017113
4 7 0.00245283
4 8 0.00307372
4 9 0.0035572
4 10 0.00389942
4 11 0.00410691
4 12 0.0041934
4 13 0.00417667
4 14 0.00407597
4 15 0.00391017
4 16 0.00369656
4 17 0.00345023
4 18 0.0031838
4 19 0.00290745
4 20 0.00262908
4 21 0.00235456
4 22 0.00208801
4 23 0.00183212
4 24 0.00158831
4 25 0.00135707
4 26 0.00113805
4 27 0.000930318
4 28 0.000732436
4 29 0.000542609
4 30 0.000358775
4 31 0.00017869
4 32 -0
5 -32 -0
5 -31 -0.00018887
5 -30 -0.000382424
5 -29 -0.000583836
5 -28 -0.000796119
5 -27 -0.00102203
5 -26 -0.001264
5 -25 -0.00152399
5 -24 -0.00180337
5 -23 -0.00210274
5 -22 -0.00242174
5 -21 -0.00275882
5 -20 -0.00311091
5 -19 -0.00347314
5 -18 -0.00383841
5 -17 -0.00419706
5 -16 -0.00453638
5 -15 -0.00484034
5 -14 -0.00508934
5 -13 -0.0052603
5 -12 -0.00532725
5 -11 -0.0052626
5 -10 -0.00503951
5 -9 -0.00463532
5 -8 -0.00403635
5 -7 -0.00324319
5 -6 -0.00227549
5 -5 -0.00117433
5 -4 -0
5 -3 -1.8068e-05
5 -2 -2.49921e-05
5 -1 -1.63189e-05
5 0 3.12201e-06
5 1 2.20843e-05
5 2 2.93977e-05
5 3 2.0447e-05
5 4 -0
5 5 0.00117749
5 6 0.00228427
5 7 0.00325989
5 8 0.00406308
5 9 0.00467395
5 10 0.00509167
5 11 0.00532962
5 12 0.00541008
5 13 0.00535949
5 14 0.00520497
5 15 0.00497201
5 16 0.00468318
5 17 0.0043576
5 18 0.00401083
5 19 0.00365514
5 20 0.00329981
5 21 0.0029516
5 22 0.00261511
5 23 0.00229318
5 24 0.00198723
5 25 0.00169753
5 26 0.00142342
5 27 0.00116358
5 28 0.000916101
5 29 0.00067869
5 30 0.000448753
5 31 0.000223494
5 32 -0
6 -32 -0
6 -31 -0.00022774
6 -30 -0.000461056
6 -29 -0.000703779
6 -28 -0.00095956
6 -27 -0.00123179
6 -26 -0.0015235
6 -25 -0.00183723
6 -24 -0.00217487
6 -23 -0.00253752
6 -22 -0.0029252
6 -21 -0.00333661
6 -20 -0.00376878
6 -19 -0.00421666
6 -18 -0.00467262
6 -17 -0.00512592
6 -16 -0.00556206
6 -15 -0.00596217
6 -14 -0.00630248
6 -13 -0.00655404
6 -12 -0.00668289
6 -11 -0.00665125
6 -10 -0.00642006
6 -9 -0.00595344
6 -8 -0.00522552
6 -7 -0.0042291
6 -6 -0.00298466
6 -5 -0.00154624
6 -4 -0
6 -3 -3.90311e-05
6 -2 -5.42938e-05
6 -1 -3.63823e-05
6 0 4.47928e-06
6 1 4.46526e-05
6 2 6.06099e-05
6 3 4.24389e-05
6 4 -0
6 5 0.00155014
6 6 0.00299521
6 7 0.00424884
6 8 0.00525677
6 9 0.00599832
6 10 0.00648043
6 11 0.00672865
6 12 0.00677844
6 13 0.00666841
6 14 0.00643582
6 15 0.00611403
6 16 0.00573144
6 17 0.00531125
6 18 0.00487178
6 19 0.00442699
6 20 0.0039872
6 21 0.00355963
6 22 0.00314901
6 23 0.00275806
6 24 0.00238788
6 25 0.00203835
6 26 0.00170833
6 27 0.00139595
6 28 0.00109875
6 29 0.000813841
6 30 0.000538033
6 31 0.000267927
6 32 -0
7 -32 -0
7 -31 -0.000266176
7 -30 -0.000538854
7 -29 -0.000822561
7 -28 -0.00112164
7 -27 -0.00144019
7 -26 -0.00178192
7 -25 -0.00215006
7 -24 -0.0025472
7 -23 -0.00297509
7 -22 -0.00343438
7 -21 -0.00392437
7 -20 -0.00444254
7 -19 -0.00498414
7 -18 -0.00554155
7 -17 -0.00610355
7 -16 -0.00665447
7 -15 -0.00717319
7 -14 -0.00763207
7 -13 -0.00799606
7 -12 -0.00822217
7 -11 -0.0082599
7 -10 -0.00805354
7 -9 -0.00754729
7 -8 -0.00669444
7 -7 -0.00547111
7 -6 -0.00389263
7 -5 -0.00202761
7 -4 -0
7 -3 -8.37946e-05
7 -2 -0.000116832
7 -1 -7.94939e-05
7 0 6.39782e-06
7 1 9.13042e-05
7 2 0.000125846
7 3 8.86531e-05
7 4 -0
7 5 0.0020324
7 6 0.00390514
7 7 0.00549403
7 8 0.00673029
7 9 0.00759838
7 10 0.00812196
7 11 0.00834738
7 12 0.00833002
7 13 0.00812509
7 14 0.00778248
7 15 0.00734454
7 16 0.00684567
7 17 0.00631284
7 18 0.00576654
7 19 0.00522188
7 20 0.00468954
7 21 0.00417668
7 22 0.00368769
7 23 0.00322478
7 24 0.00278845
7 25 0.00237792
7 26 0.00199138
7 27 0.00162627
7 28 0.00127945
7 29 0.000947369
7 30 0.000626156
7 31 0.000311757
7 32 -0
8 -32 -0
8 -31 -0.000303917
8 -30 -0.000615287
8 -29 -0.000939371
8 -28 -0.00128126
8 -27 -0.0016458
8 -26 -0.00203748
8 -25 -0.00246035
8 -24 -0.00291781
8 -23 -0.0034125
8 -22 -0.00394597
8 -21 -0.00451844
8 -20 -0.00512832
8 -19 -0.00577173
8 -18 -0.00644177
8 -17 -0.00712763
8 -16 -0.00781345
8 -15 -0.00847688
8 -14 -0.0090874
8 -13 -0.00960442
8 -12 -0.00997549
8 -11 -0.0101352
8 -10 -0.0100062
8 -9 -0.00950355
8 -8 -0.00854614
8 -7 -0.00707697
8 -6 -0.00509238
8 -5 -0.00267334
8 -4 -0
8 -3 -0.000179339
8 -2 -0.000249808
8 -1 -0.000171286
8 0 9.11627e-06
8 1 0.000188112
8 2 0.000262644
8 3 0.00018625
8 4 -0
8 5 0.00267921
8 6 0.00510713
8 7 0.00710333
8 8 0.00858673
8 9 0.00956084
8 10 0.0100825
8 11 0.0102325
8 12 0.0100952
8 13 0.00974751
8 14 0.00925419
8 15 0.00866693
8 16 0.00802559
8 17 0.00735994
8 18 0.00669163
8 19 0.00603586
8 20 0.00540284
8 21 0.00479896
8 22 0.0042277
8 23 0.0036903
8 24 0.0031863
8 25 0.002714
8 26 0.00227071
8 27 0.00185303
8 28 0.00145704
8 29 0.00107841
8 30 0.000712554
8 31 0.000354705
8 32 -0
9 -32 -0
9 -31 -0.000340653
9 -30 -0.000689724
9 -29 -0.00105324
9 -28 -0.00143706
9 -27 -0.00184685
9 -26 -0.00228795
9 -25 -0.00276531
9 -24 -0.00328333
9 -23 -0.00384569
9 -22 -0.00445516
9 -21 -0.00511322
9 -20 -0.00581974
9 -19 -0.00657237
9 -18 -0.0073658
9 -17 -0.00819076
9 -16 -0.00903264
9 -15 -0.00986959
9 -14 -0.0106701
9 -13 -0.0113899
9 -12 -0.0119682
9 -11 -0.0123239
9 -10 -0.0123534
9 -9 -0.0119315
9 -8 -0.0109227
9 -7 -0.00920746
9 -6 -0.00673203
9 -5 -0.00357518
9 -4 -0
9 -3 -0.000383742
9 -2 -0.000531814
9 -1 -0.000365109
9 0 1.29668e-05
9 1 0.000389046
9 2 0.000550077
9 3 0.000393566
9 4 -0
9 5 0.00358246
9 6 0.00674946
9 7 0.00923766
9 8 0.0109682
9 9 0.011995
9 10 0.0124373
9 11 0.0124305
9 12 0.0120992
9 13 0.0115464
9 14 0.0108525
9 15 0.0100775
9 16 0.00926479
9 17 0.0084451
9 18 0.00763946
9 19 0.00686177
9 20 0.00612065
9 21 0.00542082
9 22 0.00476417
9 23 0.00415047
9 24 0.00357796
9 25 0.00304373
9 26 0.002544
9 27 0.0020744
9 28 0.0016301
9 29 0.00120594
9 30 0.000796562
9 31 0.000396443
9 32 -0
10 -32 -0
10 -31 -0.000376034
10 -30 -0.00076145
10 -29 -0.00116305
10 -28 -0.00158749
10 -27 -0.00204129
10 -26 -0.00253069
10 -25 -0.00306162
10 -24 -0.0036396
10 -23 -0.00426957
10 -22 -0.00495572
10 -21 -0.0057012
10 -20 -0.00650783
10 -19 -0.00737549
10 -18 -0.0083015
10 -17 -0.00927949
10 -16 -0.0102979
10 -15 -0.011338
10 -14 -0.0123703
10 -13 -0.0133506
10 -12 -0.0142136
10 -11 -0.0148653
10 -10 -0.0151741
10 -9 -0.0149644
10 -8 -0.0140193
10 -7 -0.0121076
10 -6 -0.00905862
10 -5 -0.00489715
10 -4 -0
10 -3 -0.0008237
10 -2 -0.00112855
10 -1 -0.000770463
10 0 1.84026e-05
10 1 0.000804462
10 2 0.00115453
10 3 0.000837687
10 4 -0
10 5 0.00490635
10 6 0.00907943
10 7 0.0121422
10 8 0.0140701
10 9 0.0150342
10 10 0.0152655
10 11 0.0149808
10 12 0.0143553
10 13 0.0135198
10 14 0.0125675
10 15 0.0115628
10 16 0.0105491
10 17 0.00955479
10 18 0.00859784
10 19 0.007689
10 20 0.0068339
10 21 0.00603463
10 22 0.00529077
10 23 0.00460012
10 24 0.00395922
10 25 0.00336369
10 26 0.00280853
10 27 0.00228825
10 28 0.00179702
10 29 0.00132881
10 30 0.000877436
10 31 0.000436605
10 32 -0
11 -32 -0
11 -31 -0.000409684
11 -30 -0.000829694
11 -29 -0.0012676
11 -28 -0.00173087
11 -27 -0.00222685
11 -26 -0.00276274
11 -25 -0.00334551
11 -24 -0.00398186
11 -23 -0.00467813
11 -22 -0.00544014
11 -21 -0.00627306
11 -20 -0.00718108
11 -19 -0.00816705
11 -18 -0.00923189
11 -17 -0.0103736
11 -16 -0.0115861
11 -15 -0.0128564
11 -14 -0.014162
11 -13 -0.0154647
11 -12 -0.0167026
11 -11 -0.0177774
11 -10 -0.0185367
11 -9 -0.0187514
11 -8 -0.0180961
11 -7 -0.0161545
11 -6 -0.0125029
11 -5 -0.0069564
11 -4 -0
11 -3 -0.00178215
11 -2 -0.00238795
11 -1 -0.00160672
11 0 2.60148e-05
11 1 0.00165489
11 2 0.00242496
11 3 0.00180217
11 4 -0
11 5 0.00696846
11 6 0.0125283
11 7 0.0161944
11 8 0.0181527
11 9 0.0188275
11 10 0.0186353
11 11 0.0179015
11 12 0.0168544
11 13 0.0156459
11 14 0.0143732
11 15 0.0130973
11 16 0.0118552
11 17 0.0106688
11 18 0.00954973
11 19 0.00850343
11 20 0.00753105
11 21 0.00663103
11 22 0.00579995
11 23 0.00503316
11 24 0.00432521
11 25 0.00367007
11 26 0.00306131
11 27 0.00249226
11 28 0.00195607
11 29 0.00144579
11 30 0.000954382
11 31 0.000474803
11 32 -0
12 -32 -0
12 -31 -0.000441218
12 -30 -0.000893666
12 -29 -0.00136565
12 -28 -0.00186541
12 -27 -0.00240115
12 -26 -0.00298097
12 -25 -0.00361291
12 -24 -0.0043049
12 -23 -0.00506472
12 -22 -0.0059
12 -21 -0.00681807
12 -20 -0.0078259
12 -19 -0.00892986
12 -18 -0.0101354
12 -17 -0.0114462
12 -16 -0.0128638
12 -15 -0.0143848
12 -14 -0.0159988
12 -13 -0.017682
12 -12 -0.0193888
12 -11 -0.0210344
12 -10 -0.022468
12 -9 -0.0234272
12 -8 -0.0234729
12 -7 -0.02192
12 -6 -0.0178468
12 -5 -0.0104267
12 -4 -0
12 -3 -0.00391599
12 -2 -0.00503355
12 -1 -0.00329443
12 0 3.64999e-05
12 1 0.00336236
12 2 0.00508646
12 3 0.00394506
12 4 -0
12 5 0.0104434
12 6 0.0178787
12 7 0.0219666
12 8 0.0235359
12 9 0.0235098
12 10 0.0225737
12 11 0.0211665
12 12 0.01955
12 13 0.0178744
12 14 0.016223
12 15 0.0146407
12 16 0.0131499
12 17 0.0117601
12 18 0.0104735
12 19 0.00928784
12 20 0.00819847
12 21 0.00719925
12 22 0.00628321
12 23 0.00544292
12 24 0.00467071
12 25 0.00395875
12 26 0.00329915
12 27 0.00268402
12 28 0.00210546
12 29 0.00155559
12 30 0.00102659
12 31 0.000510641
12 32 -0
13 -32 -0
13 -31 -0.000470263
13 -30 -0.000952597
13 -29 -0.00145599
13 -28 -0.00198942
13 -27 -0.00256185
13 -26 -0.00318228
13 -25 -0.00385975
13 -24 -0.0046034
13 -23 -0.00542247
13 -22 -0.00632635
13 -21 -0.00732467
13 -20 -0.00842731
13 -19 -0.00964447
13 -18 -0.0109866
13 -17 -0.0124645
13 -16 -0.0140885
13 -15 -0.0158683
13 -14 -0.0178108
13 -13 -0.0199165
13 -12 -0.0221719
13 -11 -0.024534
13 -10 -0.0268986
13 -9 -0.0290352
13 -8 -0.0304609
13 -7 -0.030213
13 -6 -0.0265405
13 -5 -0.0169037
13 -4 -0
13 -3 -0.00884595
13 -2 -0.0105338
13 -1 -0.0065735
13 0 5.04746e-05
13 1 0.00666844
13 2 0.01061
13 3 0.00888961
13 4 -0
13 5 0.0169288
13 6 0.0265824
13 7 0.0302685
13 8 0.0305313
13 9 0.0291243
13 10 0.0270109
13 11 0.0246736
13 12 0.0223419
13 13 0.0201192
13 14 0.0180472
13 15 0.0161382
13 16 0.0143904
13 17 0.0127959
13 18 0.0113438
13 19 0.0100228
13 20 0.00882114
13 21 0.00772768
13 22 0.00673158
13 23 0.00582247
13 24 0.00499035
13 25 0.00422561
13 26 0.00351891
13 27 0.00286115
13 28 0.00224342
13 29 0.001657
13 30 0.00109327
13 31 0.00054374
13 32 -0
14 -32 -0
14 -31 -0.000496481
14 -30 -0.00100579
14 -29 -0.00153751
14 -28 -0.00210127
14 -27 -0.00270674
14 -26 -0.00336372
14 -25 -0.00408215
14 -24 -0.00487227
14 -23 -0.00574465
14 -22 -0.00671039
14 -21 -0.00778126
14 -20 -0.00896998
14 -19 -0.0102905
14 -18 -0.0117585
14 -17 -0.0133918
14 -16 -0.0152109
14 -15 -0.0172399
14 -14 -0.019507
14 -13 -0.0220441
14 -12 -0.024886
14 -11 -0.028063
14 -10 -0.0315822
14 -9 -0.0353723
14 -8 -0.0391338
14 -7 -0.0419354
14 -6 -0.0411981
14 -5 -0.0306455
14 -4 -0
14 -3 -0.0209285
14 -2 -0.0216775
14 -1 -0.012515
14 0 6.79156e-05
14 1 0.0126452
14 2 0.0217885
14 3 0.0209988
14 4 -0
14 5 0.030688
14 6 0.0412564
14 7 0.0420025
14 8 0.0392124
14 9 0.035468
14 10 0.0317007
14 11 0.0282094
14 12 0.025064
14 13 0.0222564
14 14 0.0197546
14 15 0.0175229
14 16 0.0155276
14 17 0.0137396
14 18 0.0121335
14 19 0.0106878
14 20 0.00938369
14 21 0.00820471
14 22 0.00713624
14 23 0.00616506
14 24 0.00527901
14 25 0.00446675
14 26 0.00371762
14 27 0.00302142
14 28 0.00236835
14 29 0.00174887
14 30 0.00115371
14 31 0.000573752
14 32 -0
15 -32 -0
15 -31 -0.000519589
15 -30 -0.00105264
15 -29 -0.00160928
15 -28 -0.00219963
15 -27 -0.00283398
15 -26 -0.00352277
15 -25 -0.00427672
15 -24 -0.00510699
15 -23 -0.00602528
15 -22 -0.00704411
15 -21 -0.00817713
15 -20 -0.00943951
15 -19 -0.0108485
15 -18 -0.0124245
15 -17 -0.0141915
15 -16 -0.0161798
15 -15 -0.0184271
15 -14 -0.0209827
15 -13 -0.0239121
15 -12 -0.0273043
15 -11 -0.0312828
15 -10 -0.0360206
15 -9 -0.0417558
15 -8 -0.0487755
15 -7 -0.057197
15 -6 -0.0656644
15 -5 -0.0644719
15 -4 -0
15 -3 -0.053177
15 -2 -0.0427235
15 -1 -0.0218743
15 0 8.68881e-05
15 1 0.022046
15 2 0.0428861
15 3 0.0533061
15 4 -0
15 5 0.0645566
15 6 0.0657492
15 7 0.0572786
15 8 0.0488627
15 9 0.0418576
15 10 0.0361447
15 11 0.0314352
15 12 0.0274895
15 13 0.024133
15 14 0.0212407
15 15 0.0187221
15 16 0.0165102
15 17 0.0145546
15 18 0.0128161
15 19 0.0112635
15 20 0.00987175
15 21 0.00861962
15 22 0.00748917
15 23 0.00646469
15 24 0.00553214
15 25 0.00467877
15 26 0.00389275
15 27 0.00316297
15 28 0.00247887
15 29 0.00183028
15 30 0.00120733
15 31 0.000600393
15 32 -0
16 -32 -0
16 -31 -0.000539378
16 -30 -0.00109274
16 -29 -0.00167059
16 -28 -0.00228349
16 -27 -0.00294214
16 -26 -0.00365748
16 -25 -0.00444083
16 -24 -0.005304
16 -23 -0.00625954
16 -22 -0.00732104
16 -21 -0.0085035
16 -20 -0.00982389
16 -19 -0.011302
16 -18 -0.0129614
16 -17 -0.0148314
16 -16 -0.0169488
16 -15 -0.0193622
16 -14 -0.022137
16 -13 -0.0253647
16 -12 -0.0291778
16 -11 -0.0337777
16 -10 -0.0394882
16 -9 -0.0468721
16 -8 -0.0570222
16 -7 -0.0724076
16 -6 -0.0997725
16 -5 -0.161551
16 -4 -0.345851
16 -3 -0.149021
16 -2 -0.074149
16 -1 -0.0323413
16 0 0.000101655
16 1 0.0325495
16 2 0.0743772
16 3 0.149309
16 4 0.346331
16 5 0.161755
16 6 0.0998941
16 7 0.0725035
16 8 0.0571166
16 9 0.0469788
16 10 0.0396168
16 11 0.0339353
16 12 0.0293694
16 13 0.0255934
16 14 0.0224044
16 15 0.0196682
16 16 0.0172919
16 17 0.0152085
16 18 0.0133684
16 19 0.0117334
16 20 0.0102733
16 21 0.0089636
16 22 0.00778387
16 23 0.00671654
16 24 0.0057462
16 25 0.00485902
16 26 0.00404234
16 27 0.00328437
16 28 0.00257398
16 29 0.00190051
16 30 0.00125368
16 31 0.000623452
16 32 -0
17 -32 -0
17 -31 -0.000555738
17 -30 -0.00112585
17 -29 -0.00172108
17 -28 -0.00235226
17 -27 -0.00303038
17 -26 -0.00376669
17 -25 -0.00457283
17 -24 -0.00546103
17 -23 -0.0064443
17 -22 -0.00753682
17 -21 -0.00875431
17 -20 -0.0101147
17 -19 -0.0116392
17 -18 -0.013353
17 -17 -0.0152878
17 -16 -0.017484
17 -15 -0.019995
17 -14 -0.0228936
17 -13 -0.0262818
17 -12 -0.0303084
17 -11 -0.0351987
17 -10 -0.0413104
17 -9 -0.0492405
17 -8 -0.0600398
17 -7 -0.0756288
17 -6 -0.0994323
17 -5 -0.136025
17 -4 -0.179494
17 -3 -0.122873
17 -2 -0.0724938
17 -1 -0.0334398
17 0 0.000103229
17 1 0.0336509
17 2 0.0727198
17 3 0.123125
17 4 0.17977
17 5 0.136207
17 6 0.0995569
17 7 0.0757288
17 8 0.0601371
17 9 0.0493497
17 10 0.0414421
17 11 0.0353604
17 12 0.0305053
17 13 0.0265174
17 14 0.0231695
17 15 0.0203111
17 16 0.0178385
17 17 0.0156778
17 18 0.013774
17 19 0.0120856
17 20 0.0105799
17 21 0.00923061
17 22 0.00801598
17 23 0.00691746
17 24 0.00591889
17 25 0.00500585
17 26 0.00416521
17 27 0.00338477
17 28 0.00265308
17 29 0.00195918
17 30 0.00129252
17 31 0.000642816
17 32 -0
18 -32 -0
18 -31 -0.00056866
18 -30 -0.00115193
18 -29 -0.00176068
18 -28 -0.00240585
18 -27 -0.00309854
18 -26 -0.00385009
18 -25 -0.00467225
18 -24 -0.00557732
18 -23 -0.00657839
18 -22 -0.00768969
18 -21 -0.00892702
18 -20 -0.0103083
18 -19 -0.0118547
18 -18 -0.0135914
18 -17 -0.0155496
18 -16 -0.0177693
18 -15 -0.0203023
18 -14 -0.0232184
18 -13 -0.0266133
18 -12 -0.0306218
18 -11 -0.0354377
18 -10 -0.041345
18 -9 -0.0487603
18 -8 -0.0582768
18 -7 -0.0706305
18 -6 -0.0862809
18 -5 -0.10358
18 -4 -0.113191
18 -3 -0.0904595
18 -2 -0.0595005
18 -1 -0.029025
18 0 9.22605e-05
18 1 0.0292116
18 2 0.0596923
18 3 0.0906555
18 4 0.113378
18 5 0.103725
18 6 0.0863918
18 7 0.0707253
18 8 0.0583721
18 9 0.0488694
18 10 0.0414779
18 11 0.0356021
18 12 0.030823
18 13 0.0268548
18 14 0.0235017
18 15 0.0206273
18 16 0.0181342
18 17 0.0159513
18 18 0.0140251
18 19 0.0123148
18 20 0.0107878
18 21 0.00941809
18 22 0.00818376
18 23 0.00706629
18 24 0.00604946
18 25 0.00511879
18 26 0.00426107
18 27 0.00346402
18 28 0.0027161
18 29 0.00200626
18 30 0.00132384
18 31 0.000658481
18 32 -0
19 -32 -0
19 -31 -0.000578251
19 -30 -0.00117121
19 -29 -0.00178972
19 -28 -0.00244469
19 -27 -0.00314714
19 -26 -0.00390833
19 -25 -0.00473983
19 -24 -0.00565373
19 -23 -0.00666278
19 -22 -0.00778077
19 -21 -0.00902285
19 -20 -0.0104061
19 -19 -0.0119502
19 -18 -0.0136786
19 -17 -0.0156197
19 -16 -0.017809
19 -15 -0.0202914
19 -14 -0.0231254
19 -13 -0.0263872
19 -12 -0.0301775
19 -11 -0.034628
19 -10 -0.0399057
19 -9 -0.046204
19 -8 -0.0536909
19 -7 -0.0623384
19 -6 -0.0714714
19 -5 -0.0788071
19 -4 -0.0792103
19 -3 -0.0662596
19 -2 -0.0460159
19 -1 -0.023251
19 0 7.30649e-05
19 1 0.0233974
19 2 0.0461619
19 3 0.0664018
19 4 0.0793404
19 5 0.0789153
19 6 0.0715617
19 7 0.0624219
19 8 0.05378
19 9 0.04631
19 10 0.0400379
19 11 0.0347936
19 12 0.0303817
19 13 0.0266334
19 14 0.023415
19 15 0.0206243
19 16 0.0181831
19 17 0.0160318
19 18 0.0141239
19 19 0.0124226
19 20 0.0108985
19 21 0.00952727
19 22 0.00828832
19 23 0.00716402
19 24 0.0061388
19 25 0.00519861
19 26 0.00433057
19 27 0.00352266
19 28 0.00276346
19 29 0.00204205
19 30 0.00134786
19 31 0.000670553
19 32 -0
20 -32 -0
20 -31 -0.000584729
20 -30 -0.00118412
20 -29 -0.00180888
20 -28 -0.00246972
20 -27 -0.00317745
20 -26 -0.00394301
20 -25 -0.00477759
20 -24 -0.00569277
20 -23 -0.00670061
20 -22 -0.00781398
20 -21 -0.00904678
20 -20 -0.0104144
20 -19 -0.0119341
20 -18 -0.0136261
20 -17 -0.0155139
20 -16 -0.017626
20 -15 -0.0199968
20 -14 -0.0226684
20 -13 -0.0256916
20 -12 -0.0291261
20 -11 -0.0330373
20 -10 -0.0374842
20 -9 -0.0424889
20 -8 -0.0479648
20 -7 -0.0535717
20 -6 -0.0584613
20 -5 -0.0609617
20 -4 -0.0585766
20 -3 -0.0493465
20 -2 -0.0350488
20 -1 -0.0180364
20 0 4.96321e-05
20 1 0.0181352
20 2 0.0351456
20 3 0.0494386
20 4 0.0586604
20 5 0.0610349
20 6 0.0585279
20 7 0.0536399
20 8 0.0480443
20 9 0.0425892
20 10 0.0376137
20 11 0.0332026
20 12 0.0293321
20 13 0.0259413
20 14 0.0229632
20 15 0.0203364
20 16 0.0180082
20 17 0.0159353
20 18 0.0140816
20 19 0.0124176
20 20 0.0109184
20 21 0.00956314
20 22 0.00833359
20 23 0.00721378
20 24 0.0061894
20 25 0.00524731
20 26 0.00437533
20 27 0.00356194
20 28 0.00279612
20 29 0.00206726
20 30 0.00136502
20 31 0.000679255
20 32 -0
21 -32 -0
21 -31 -0.000588416
21 -30 -0.00119134
21 -29 -0.00181919
21 -28 -0.00248239
21 -27 -0.00319136
21 -26 -0.00395659
21 -25 -0.00478868
21 -24 -0.00569844
21 -23 -0.00669697
21 -22 -0.00779581
21 -21 -0.00900716
21 -20 -0.0103441
21 -19 -0.0118208
21 -18 -0.0134531
21 -17 -0.0152587
21 -16 -0.0172575
21 -15 -0.019472
21 -14 -0.0219267
21 -13 -0.0246469
21 -12 -0.0276547
21 -11 -0.0309609
21 -10 -0.0345479
21 -9 -0.0383373
21 -8 -0.0421343
21 -7 -0.0455406
21 -6 -0.0478512
21 -5 -0.0480064
21 -4 -0.0447893
21 -3 -0.0375009
21 -2 -0.0267964
21 -1 -0.0138964
21 0 2.4694e-05
21 1 0.0139453
21 2 0.026844
21 3 0.037546
21 4 0.0448311
21 5 0.0480459
21 6 0.0478926
21 7 0.0455909
21 8 0.0422016
21 9 0.0384298
21 10 0.0346728
21 11 0.0311244
21 12 0.0278611
21 13 0.024899
21 14 0.0222257
21 15 0.0198172
21 16 0.0176467
21 17 0.0156881
21 18 0.0139176
21 19 0.0123139
21 20 0.0108583
21 21 0.00953406
21 22 0.00832606
21 23 0.00722068
21 24 0.0062053
21 25 0.00526808
21 26 0.00439783
21 27 0.00358379
21 28 0.00281554
21 29 0.00208293
21 30 0.00137599
21 31 0.000684912
21 32 -0
22 -32 -0
22 -31 -0.000589726
22 -30 -0.00119369
22 -29 -0.00182196
22 -28 -0.00248453
22 -27 -0.00319135
22 -26 -0.00395229
22 -25 -0.00477724
22 -24 -0.00567603
22 -23 -0.00665858
22 -22 -0.00773487
22 -21 -0.00891505
22 -20 -0.0102095
22 -19 -0.011629
22 -18 -0.0131845
22 -17 -0.0148875
22 -16 -0.0167492
22 -15 -0.0187804
22 -14 -0.0209895
22 -13 -0.02338
22 -12 -0.025945
22 -11 -0.0286578
22 -10 -0.0314561
22 -9 -0.034218
22 -8 -0.0367265
22 -7 -0.0386299
22 -6 -0.039414
22 -5 -0.0384353
22 -4 -0.0350806
22 -3 -0.0290759
22 -2 -0.020742
22 -1 -0.0107786
22 0 -6.28584e-08
22 1 0.0107786
22 2 0.0207421
22 3 0.0290767
22 4 0.0350832
22 5 0.0384422
22 6 0.0394299
22 7 0.0386609
22 8 0.0367799
22 9 0.0343009
22 10 0.031575
22 11 0.028818
22 12 0.0261506
22 13 0.0236333
22 14 0.0212914
22 15 0.0191299
22 16 0.017144
22 17 0.0153236
22 18 0.0136566
22 19 0.0121305
22 20 0.0107326
22 21 0.00945108
22 22 0.00827437
22 23 0.00719147
22 24 0.00619179
22 25 0.00526507
22 26 0.00440131
22 27 0.0035907
22 28 0.00282357
22 29 0.00209037
22 30 0.00138162
22 31 0.000687943
22 32 -0
23 -32 -0
23 -31 -0.000589146
23 -30 -0.00119219
23 -29 -0.00181875
23 -28 -0.00247835
23 -27 -0.00318034
23 -26 -0.00393394
23 -25 -0.00474816
23 -24 -0.00563178
23 -23 -0.00659339
23 -22 -0.00764125
23 -21 -0.00878335
23 -20 -0.0100273
23 -19 -0.0113801
23 -18 -0.0128483
23 -17 -0.014437
23 -16 -0.0161497
23 -15 -0.0179867
23 -14 -0.0199436
23 -13 -0.0220072
23 -12 -0.024151
23 -11 -0.0263265
23 -10 -0.0284518
23 -9 -0.0303959
23 -8 -0.0319609
23 -7 -0.0328681
23 -6 -0.0327628
23 -5 -0.0312574
23 -4 -0.0280341
23 -3 -0.0229881
23 -2 -0.0163216
23 -1 -0.00847768
23 0 -2.3616e-05
23 1 0.0084311
23 2 0.0162771
23 3 0.0229475
23 4 0.0279998
23 5 0.0312332
23 6 0.0327534
23 7 0.0328795
23 8 0.0319995
23 9 0.0304682
23 10 0.0285635
23 11 0.0264824
23 12 0.0243546
23 13 0.0222606
23 14 0.0202473
23 15 0.0183396
23 16 0.016549
23 17 0.0148787
23 18 0.0133268
23 19 0.0118886
23 20 0.0105579
23 21 0.00932714
23 22 0.00818863
23 23 0.00713409
23 24 0.00615513
23 25 0.00524319
23 26 0.00438961
23 27 0.00358562
23 28 0.00282243
23 29 0.00209116
23 30 0.00138293
23 31 0.000688839
23 32 -0
24 -32 -0
24 -31 -0.000587213
24 -30 -0.00118792
24 -29 -0.00181128
24 -28 -0.00246624
24 -27 -0.00316157
24 -26 -0.00390572
24 -25 -0.00470682
24 -24 -0.00557254
24 -23 -0.00651006
24 -22 -0.00752595
24 -21 -0.00862599
24 -20 -0.00981505
24 -19 -0.0110968
24 -18 -0.0124731
24 -17 -0.013944
24 -16 -0.0155061
24 -15 -0.0171516
24 -14 -0.018866
24 -13 -0.0206254
24 -12 -0.0223916
24 -11 -0.0241062
24 -10 -0.0256834
24 -9 -0.0270011
24 -8 -0.027894
24 -7 -0.0281531
24 -6 -0.0275392
24 -5 -0.0258189
24 -4 -0.0228258
24 -3 -0.0185315
24 -2 -0.0130845
24 -1 -0.00678852
24 0 -4.53252e-05
24 1 0.00669913
24 2 0.012999
24 3 0.0184528
24 4 0.0227576
24 5 0.0257653
24 6 0.0275056
24 7 0.0281451
24 8 0.0279176
24 9 0.0270622
24 10 0.0257873
24 11 0.0242571
24 12 0.0225925
24 13 0.0208781
24 14 0.0191706
24 15 0.0175067
24 16 0.0159089
24 17 0.0143901
24 18 0.0129567
24 19 0.0116109
24 20 0.0103517
24 21 0.00917618
24 22 0.00807984
24 23 0.00705726
24 24 0.0061022
24 25 0.00520785
24 26 0.00436692
24 27 0.00357179
24 28 0.00281453
24 29 0.00208703
24 30 0.00138102
24 31 0.000688141
24 32 -0
25 -32 -0
25 -31 -0.000584488
25 -30 -0.00118205
25 -29 -0.00180132
25 -28 -0.00245073
25 -27 -0.00313839
25 -26 -0.00387201
25 -25 -0.00465882
25 -24 -0.00550538
25 -23 -0.00641754
25 -22 -0.00740018
25 -21 -0.00845704
25 -20 -0.00959045
25 -19 -0.0108009
25 -18 -0.0120867
25 -17 -0.0134432
25 -16 -0.0148615
25 -15 -0.0163279
25 -14 -0.0178211
25 -13 -0.0193106
25 -12 -0.0207527
25 -11 -0.0220871
25 -10 -0.0232323
25 -9 -0.0240823
25 -8 -0.0245054
25 -7 -0.0243489
25 -6 -0.0234531
25 -5 -0.0216774
25 -4 -0.0189372
25 -3 -0.0152398
25 -2 -0.0107036
25 -1 -0.00554823
25 0 -6.47653e-05
25 1 0.0054205
25 2 0.0105813
25 3 0.015127
25 4 0.0188383
25 5 0.0215972
25 6 0.023397
25 7 0.0243226
25 8 0.0245146
25 9 0.0241324
25 10 0.0233282
25 11 0.0222325
25 12 0.0209504
25 13 0.0195618
25 14 0.0181258
25 15 0.0166843
25 16 0.0152666
25 17 0.0138924
25 18 0.0125742
25 19 0.0113195
25 20 0.0101319
25 21 0.00901228
25 22 0.00795924
25 23 0.00696991
25 24 0.00604009
25 25 0.00516465
25 26 0.00433766
25 27 0.00355258
25 28 0.00280241
25 29 0.00207977
25 30 0.00137704
25 31 0.000686415
25 32 -0
26 -32 -0
26 -31 -0.00058153
26 -30 -0.0011757
26 -29 -0.00179067
26 -28 -0.00243431
26 -27 -0.00311414
26 -26 -0.00383714
26 -25 -0.00460966
26 -24 -0.00543727
26 -23 -0.00632453
26 -22 -0.00727481
26 -21 -0.00829001
26 -20 -0.00937021
26 -19 -0.0105133
26 -18 -0.0117144
26 -17 -0.0129652
26 -16 -0.0142529
26 -15 -0.0155594
26 -14 -0.0168595
26 -13 -0.018119
26 -12 -0.019293
26 -11 -0.0203233
26 -10 -0.0211368
26 -9 -0.0216445
26 -8 -0.021744
26 -7 -0.0213247
26 -6 -0.0202805
26 -5 -0.0185276
26 -4 -0.0160262
26 -3 -0.0128009
26 -2 -0.00894945
26 -1 -0.00463769
26 0 -8.16366e-05
26 1 0.00447668
26 2 0.00879529
26 3 0.0126584
26 4 0.0159004
26 5 0.0184237
26 6 0.0202042
26 7 0.0212817
26 8 0.0217397
26 9 0.0216842
26 10 0.0212248
26 11 0.0204632
26 12 0.019487
26 13 0.0183682
26 14 0.0171634
26 15 0.0159163
26 16 0.0146594
26 17 0.0134165
26 18 0.0122046
26 19 0.0110351
26 20 0.00991523
26 21 0.00884899
26 22 0.00783774
26 23 0.00688078
26 24 0.00597579
26 25 0.00511914
26 26 0.00430616
26 27 0.00353136
26 28 0.00278859
26 29 0.00207119
26 30 0.00137215
26 31 0.000684224
26 32 -0
27 -32 -0
27 -31 -0.00057887
27 -30 -0.00116998
27 -29 -0.00178102
27 -28 -0.00241937
27 -27 -0.00309198
27 -26 -0.00380518
27 -25 -0.00456456
27 -24 -0.00537473
27 -23 -0.00623916
27 -22 -0.0071599
27 -21 -0.00813725
27 -20 -0.00916944
27 -19 -0.0102522
27 -18 -0.0113781
27 -17 -0.0125362
27 -16 -0.0137109
27 -15 -0.0148811
27 -14 -0.0160194
27 -13 -0.0170905
27 -12 -0.0180502
27 -11 -0.0188446
27 -10 -0.0194095
27 -9 -0.0196714
27 -8 -0.0195509
27 -7 -0.0189682
27 -6 -0.0178526
27 -5 -0.0161549
27 -4 -0.0138611
27 -3 -0.0110032
27 -2 -0.00766386
27 -1 -0.00397302
27 0 -9.57206e-05
27 1 0.00378421
27 2 0.007483
27 3 0.0108357
27 4 0.0137126
27 5 0.016031
27 6 0.017759
27 7 0.0189107
27 8 0.0195349
27 9 0.0197018
27 10 0.0194904
27 11 0.0189792
27 12 0.0182406
27 13 0.0173374
27 14 0.0163222
27 15 0.0152377
27 16 0.0141178
27 17 0.0129887
27 18 0.0118699
27 19 0.0107759
27 20 0.00971671
27 21 0.00869869
27 22 0.0077254
27 23 0.00679803
27 24 0.00591584
27 25 0.00507653
27 26 0.00427654
27 27 0.0035113
27 28 0.00277544
27 29 0.00206298
27 30 0.00136745
27 31 0.000682104
27 32 -0
28 -32 -0
28 -31 -0.000576991
28 -30 -0.00116585
28 -29 -0.00177389
28 -28 -0.00240804
28 -27 -0.00307476
28 -26 -0.00377982
28 -25 -0.00452814
28 -24 -0.00532356
28 -23 -0.00616862
28 -22 -0.00706426
28 -21 -0.00800951
28 -20 -0.00900113
28 -19 -0.0100331
28 -18 -0.0110963
28 -17 -0.0121776
28 -16 -0.0132595
28 -15 -0.0143194
28 -14 -0.0153287
28 -13 -0.0162522
28 -12 -0.0170475
28 -11 -0.0176652
28 -10 -0.0180492
28 -9 -0.0181388
28 -8 -0.0178716
28 -7 -0.0171892
28 -6 -0.0160442
28 -5 -0.0144087
28 -4 -0.0122832
28 -3 -0.00970252
28 -2 -0.00673843
28 -1 -0.00349628
28 0 -0.000106858
28 1 0.00328549
28 2 0.00653641
28 3 0.00951519
28 4 0.0121165
28 5 0.0142686
28 6 0.0159366
28 7 0.0171198
28 8 0.0178458
28 9 0.0181612
28 10 0.0181239
28 11 0.0177951
28 12 0.0172344
28 13 0.0164966
28 14 0.0156299
28 15 0.0146752
28 16 0.0136662
28 17 0.0126302
28 18 0.0115886
28 19 0.0105577
28 20 0.00954943
28 21 0.00857214
28 22 0.00763106
28 23 0.00672885
28 24 0.00586605
28 25 0.00504146
28 26 0.00425246
28 27 0.00349525
28 28 0.00276513
28 29 0.00205667
28 30 0.00136392
28 31 0.000680538
28 32 -0
29 -32 -0
29 -31 -0.000576298
29 -30 -0.00116417
29 -29 -0.00177058
29 -28 -0.00240213
29 -27 -0.00306488
29 -26 -0.00376414
29 -25 -0.00450431
29 -24 -0.00528862
29 -23 -0.00611889
29 -22 -0.00699521
29 -21 -0.00791564
29 -20 -0.00887584
29 -19 -0.00986858
29 -18 -0.0108834
29 -17 -0.0119058
29 -16 -0.0129172
29 -15 -0.0138939
29 -14 -0.014807
29 -13 -0.0156218
29 -12 -0.0162981
29 -11 -0.0167902
29 -10 -0.0170487
29 -9 -0.017022
29 -8 -0.01666
29 -7 -0.0159185
29 -6 -0.0147647
29 -5 -0.0131838
29 -4 -0.0111842
29 -3 -0.0088016
29 -2 -0.00609988
29 -1 -0.00316823
29 0 -0.000114941
29 1 0.00294147
29 2 0.00588249
29 3 0.00859981
29 4 0.0110042
29 5 0.0130319
29 6 0.0146468
29 7 0.0158403
29 8 0.0166268
29 9 0.0170384
29 10 0.0171184
29 11 0.0169161
29 12 0.0164818
29 13 0.0158638
29 14 0.0151064
29 15 0.0142483
29 16 0.0133228
29 17 0.0123577
29 18 0.0113752
29 19 0.0103928
29 20 0.00942397
29 21 0.00847823
29 22 0.00756206
29 23 0.00667925
29 24 0.0058313
29 25 0.00501787
29 26 0.00423704
29 27 0.00348564
29 28 0.00275947
29 29 0.00205358
29 30 0.00136239
29 31 0.000679935
29 32 -0
30 -32 -0
30 -31 -0.000577109
30 -30 -0.00116556
30 -29 -0.00177209
30 -28 -0.00240305
30 -27 -0.0030642
30 -26 -0.00376054
30 -25 -0.00449609
30 -24 -0.00527366
30 -23 -0.00609456
30 -22 -0.00695832
30 -21 -0.00786234
30 -20 -0.00880153
30 -19 -0.00976787
30 -18 -0.01075
30 -17 -0.0117328
30 -16 -0.0126967
30 -15 -0.0136178
30 -14 -0.014467
30 -13 -0.0152102
30 -12 -0.0158089
30 -11 -0.0162203
30 -10 -0.0163993
30 -9 -0.0163005
30 -8 -0.0158814
30 -7 -0.0151064
30 -6 -0.0139516
30 -5 -0.0124093
30 -4 -0.0104923
30 -3 -0.00823639
30 -2 -0.00570022
30 -1 -0.00296316
30 0 -0.000119907
30 1 0.00272658
30 2 0.00547336
30 3 0.00802569
30 4 0.0103042
30 5 0.01225
30 6 0.0138271
30 7 0.0150225
30 8 0.0158432
30 9 0.0163127
30 10 0.0164655
30 11 0.0163432
30 12 0.0159901
30 13 0.01545
30 14 0.0147643
30 15 0.0139703
30 16 0.0131007
30 17 0.0121831
30 18 0.0112403
30 19 0.0102907
30 20 0.00934831
30 21 0.00842366
30 22 0.007524
30 23 0.00665384
30 24 0.00581536
30 25 0.00500878
30 26 0.00423268
30 27 0.00348431
30 28 0.00275987
30 29 0.0020547
30 30 0.00136352
30 31 0.000680614
30 32 -0
31 -32 -0
31 -31 -0.000579636
31 -30 -0.00117047
31 -29 -0.0017791
31 -28 -0.00241173
31 -27 -0.00307396
31 -26 -0.00377062
31 -25 -0.00450551
31 -24 -0.00528119
31 -23 -0.00609873
31 -22 -0.00695733
31 -21 -0.00785407
31 -20 -0.00878346
31 -19 -0.00973709
31 -18 -0.0107032
31 -17 -0.0116662
31 -16 -0.0126063
31 -15 -0.0134994
31 -14 -0.0143163
31 -13 -0.0150235
31 -12 -0.0155832
31 -11 -0.0159543
31 -10 -0.0160938
31 -9 -0.0159593
31 -8 -0.0155121
31 -7 -0.0147207
31 -6 -0.0135653
31 -5 -0.0120414
31 -4 -0.0101639
31 -3 -0.00796809
31 -2 -0.00551043
31 -1 -0.00286554
31 0 -0.000121737
31 1 0.00262535
31 2 0.00528007
31 3 0.00775408
31 4 0.00997264
31 5 0.0118793
31 6 0.0134383
31 7 0.0146345
31 8 0.0154718
31 9 0.0159695
31 10 0.016158
31 11 0.0160753
31 12 0.0157625
31 13 0.0152613
31 14 0.0146115
31 15 0.0138497
31 16 0.013008
31 17 0.0121141
31 18 0.011191
31 19 0.0102574
31 20 0.00932773
31 21 0.00841291
31 22 0.0075206
31 23 0.00665571
31 24 0.00582074
31 25 0.00501621
31 26 0.00424098
31 27 0.00349255
31 28 0.00276728
31 29 0.00206072
31 30 0.00136775
31 31 0.000682787
31 32 -0
