-32 -32 -0
-32 -31 -0
-32 -30 -0
-32 -29 -0
-32 -28 -0
-32 -27 -0
-32 -26 -0
-32 -25 -0
-32 -24 -0
-32 -23 -0
-32 -22 -0
-32 -21 -0
-32 -20 -0
-32 -19 -0
-32 -18 -0
-32 -17 -0
-32 -16 -0
-32 -15 -0
-32 -14 -0
-32 -13 -0
-32 -12 -0
-32 -11 -0
-32 -10 -0
-32 -9 -0
-32 -8 -0
-32 -7 -0
-32 -6 -0
-32 -5 -0
-32 -4 -0
-32 -3 -0
-32 -2 -0
-32 -1 -0
-32 0 -0
-32 1 -0
-32 2 -0
-32 3 -0
-32 4 -0
-32 5 -0
-32 6 -0
-32 7 -0
-32 8 -0
-32 9 -0
-32 10 -0
-32 11 -0
-32 12 -0
-32 13 -0
-32 14 -0
-32 15 -0
-32 16 -0
-32 17 -0
-32 18 -0
-32 19 -0
-32 20 -0
-32 21 -0
-32 22 -0
-32 23 -0
-32 24 -0
-32 25 -0
-32 26 -0
-32 27 -0
-32 28 -0
-32 29 -0
-32 30 -0
-32 31 -0
-32 32 -0
-31 -32 0.000481881
-31 -31 0.000494052
-31 -30 0.00051354
-31 -29 0.000539972
-31 -28 0.00057279
-31 -27 0.00061124
-31 -26 0.000654344
-31 -25 0.000700871
-31 -24 0.000749306
-31 -23 0.000797809
-31 -22 0.000844182
-31 -21 0.000885833
-31 -20 0.000919736
-31 -19 0.000942418
-31 -18 0.000949951
-31 -17 0.000937987
-31 -16 0.000901832
-31 -15 0.000836601
-31 -14 0.00073746
-31 -13 0.000599992
-31 -12 0.000420702
-31 -11 0.000197662
-31 -10 -6.87339e-05
-31 -9 -0.000374982
-31 -8 -0.000713774
-31 -7 -0.00107358
-31 -6 -0.00143875
-31 -5 -0.0017902
-31 -4 -0.00210693
-31 -3 -0.00236804
-31 -2 -0.00255507
-31 -1 -0.00265424
-31 0 -0.00265819
-31 1 -0.00256689
-31 2 -0.00238767
-31 3 -0.00213422
-31 4 -0.00182492
-31 5 -0.00148054
-31 6 -0.00112195
-31 7 -0.000768008
-31 8 -0.000434205
-31 9 -0.00013187
-31 10 0.000131856
-31 11 0.000353615
-31 12 0.000533114
-31 13 0.000672342
-31 14 0.000774803
-31 15 0.000844878
-31 16 0.000887322
-31 17 0.000906905
-31 18 0.000908174
-31 19 0.000895313
-31 20 0.00087207
-31 21 0.000841734
-31 22 0.000807147
-31 23 0.000770727
-31 24 0.000734509
-31 25 0.00070018
-31 26 0.000669121
-31 27 0.000642438
-31 28 0.000620997
-31 29 0.000605449
-31 30 0.000596248
-31 31 0.000593665
-31 32 -0
-30 -32 0.000970094
-30 -31 0.000994488
-30 -30 0.0010336
-30 -29 0.00108667
-30 -28 0.00115262
-30 -27 0.00122995
-30 -26 0.00131672
-30 -25 0.00141049
-30 -24 0.00150827
-30 -23 0.00160643
-30 -22 0.00170059
-30 -21 0.00178562
-30 -20 0.0018555
-30 -19 0.0019033
-30 -18 0.00192116
-30 -17 0.00190032
-30 -16 0.00183127
-30 -15 0.00170402
-30 -14 0.00150858
-30 -13 0.00123563
-30 -12 0.000877578
-30 -11 0.000429826
-30 -10 -0.000107606
-30 -9 -0.000728386
-30 -8 -0.0014183
-30 -7 -0.00215422
-30 -6 -0.00290409
-30 -5 -0.00362835
-30 -4 -0.00428293
-30 -3 -0.00482371
-30 -2 -0.00521154
-30 -1 -0.00541717
-30 0 -0.00542493
-30 1 -0.00523479
-30 2 -0.00486233
-30 3 -0.00433668
-30 4 -0.0036968
-30 5 -0.00298659
-30 6 -0.00224977
-30 7 -0.00152556
-30 8 -0.000845625
-30 9 -0.000232712
-30 10 0.000299316
-30 11 0.00074442
-30 12 0.0011028
-30 13 0.00137915
-30 14 0.00158111
-30 15 0.00171792
-30 16 0.00179943
-30 17 0.00183539
-30 18 0.00183502
-30 19 0.00180675
-30 20 0.00175808
-30 21 0.00169559
-30 22 0.00162491
-30 23 0.00155085
-30 24 0.00147744
-30 25 0.00140801
-30 26 0.00134528
-30 27 0.00129145
-30 28 0.00124822
-30 29 0.00121687
-30 30 0.0011983
-30 31 0.00119304
-30 32 -0
-29 -32 0.0014662
-29 -31 0.00150296
-29 -30 0.00156201
-29 -29 0.00164225
-29 -28 0.00174207
-29 -27 0.00185926
-29 -26 0.00199099
-29 -25 0.00213367
-29 -24 0.00228289
-29 -23 0.00243328
-29 -22 0.00257841
-29 -21 0.00271067
-29 -20 0.00282111
-29 -19 0.0028994
-29 -18 0.00293373
-29 -17 0.00291085
-29 -16 0.00281619
-29 -15 0.00263425
-29 -14 0.00234921
-29 -13 0.00194591
-29 -12 0.00141137
-29 -11 0.000736794
-29 -10 -7.98499e-05
-29 -9 -0.00103095
-29 -8 -0.00209641
-29 -7 -0.00324152
-29 -6 -0.00441642
-29 -5 -0.00555803
-29 -4 -0.00659491
-29 -3 -0.00745461
-29 -2 -0.0080725
-29 -1 -0.0084001
-29 0 -0.00841146
-29 1 -0.00810654
-29 2 -0.0075112
-29 3 -0.00667377
-29 4 -0.00565861
-29 5 -0.00453782
-29 6 -0.00338238
-29 7 -0.0022548
-29 8 -0.00120436
-29 9 -0.000265174
-29 10 0.000543204
-29 11 0.00121361
-29 12 0.00174842
-29 13 0.00215661
-29 14 0.0024512
-29 15 0.00264724
-29 16 0.00276035
-29 17 0.00280569
-29 18 0.00279738
-29 19 0.00274818
-29 20 0.00266938
-29 21 0.00257076
-29 22 0.00246071
-29 23 0.00234634
-29 24 0.00223356
-29 25 0.0021273
-29 26 0.00203155
-29 27 0.00194952
-29 28 0.00188371
-29 29 0.00183599
-29 30 0.00180767
-29 31 0.00179953
-29 32 -0
-28 -32 0.00197153
-28 -31 0.00202088
-28 -30 0.00210036
-28 -29 0.00220856
-28 -28 0.00234337
-28 -27 0.00250194
-28 -26 0.0026806
-28 -25 0.0028747
-28 -24 0.00307851
-28 -23 0.00328508
-28 -22 0.00348603
-28 -21 0.0036714
-28 -20 0.00382947
-28 -19 0.00394658
-28 -18 0.004007
-28 -17 0.00399288
-28 -16 0.00388435
-28 -15 0.00365983
-28 -14 0.00329673
-28 -13 0.00277262
-28 -12 0.00206718
-28 -11 0.00116494
-28 -10 5.89415e-05
-28 -9 -0.00124472
-28 -8 -0.00272218
-28 -7 -0.00432767
-28 -6 -0.00599163
-28 -5 -0.0076227
-28 -4 -0.00911465
-28 -3 -0.010358
-28 -2 -0.0112544
-28 -1 -0.0117297
-28 0 -0.0117444
-28 1 -0.0112983
-28 2 -0.0104312
-28 3 -0.00921673
-28 4 -0.00775318
-28 5 -0.0061495
-28 6 -0.00451129
-28 7 -0.00292916
-28 8 -0.00147185
-28 9 -0.000184299
-28 10 0.000910375
-28 11 0.00180672
-28 12 0.00251214
-28 13 0.00304238
-28 14 0.00341783
-28 15 0.0036608
-28 16 0.00379356
-28 17 0.00383727
-28 18 0.00381121
-28 19 0.00373259
-28 20 0.00361644
-28 21 0.00347566
-28 22 0.00332127
-28 23 0.00316252
-28 24 0.00300712
-28 25 0.00286142
-28 26 0.0027306
-28 27 0.00261879
-28 28 0.00252921
-28 29 0.00246426
-28 30 0.00242563
-28 31 0.00241431
-28 32 -0
-27 -32 0.00248706
-27 -31 0.00254929
-27 -30 0.00264984
-27 -29 0.00278701
-27 -28 0.00295826
-27 -27 0.00316017
-27 -26 0.0033883
-27 -25 0.00363709
-27 -24 0.00389964
-27 -23 0.00416754
-27 -22 0.00443068
-27 -21 0.00467696
-27 -20 0.00489209
-27 -19 0.00505926
-27 -18 0.00515895
-27 -17 0.00516869
-27 -16 0.00506304
-27 -15 0.00481376
-27 -14 0.00439037
-27 -13 0.0037614
-27 -12 0.0028965
-27 -11 0.00176989
-27 -10 0.000365296
-27 -9 -0.00131747
-27 -8 -0.00325481
-27 -7 -0.00539181
-27 -6 -0.00763732
-27 -5 -0.00986477
-27 -4 -0.0119216
-27 -3 -0.0136472
-27 -2 -0.0148959
-27 -1 -0.0155583
-27 0 -0.0155758
-27 1 -0.0149486
-27 2 -0.013735
-27 3 -0.0120445
-27 4 -0.0100223
-27 5 -0.00782856
-27 6 -0.005615
-27 7 -0.00350721
-27 8 -0.00159529
-27 9 6.69482e-05
-27 10 0.00145691
-27 11 0.0025756
-27 12 0.00343992
-27 13 0.00407598
-27 14 0.00451425
-27 15 0.00478604
-27 16 0.00492147
-27 17 0.00494822
-27 18 0.00489104
-27 19 0.00477155
-27 20 0.00460842
-27 21 0.00441753
-27 22 0.00421227
-27 23 0.00400386
-27 24 0.00380158
-27 25 0.00361308
-27 26 0.00344454
-27 27 0.0033009
-27 28 0.00318601
-27 29 0.00310275
-27 30 0.00305309
-27 31 0.00303821
-27 32 -0
-26 -32 0.00301335
-26 -31 0.00308879
-26 -30 0.00321116
-26 -29 0.00337849
-26 -28 0.00358787
-26 -27 0.00383541
-26 -26 0.00411603
-26 -25 0.00442338
-26 -24 0.00474957
-26 -23 0.00508498
-26 -22 0.00541801
-26 -21 0.00573472
-26 -20 0.00601853
-26 -19 0.00624982
-26 -18 0.00640552
-26 -17 0.00645871
-26 -16 0.00637832
-26 -15 0.00612894
-26 -14 0.00567114
-26 -13 0.00496233
-26 -12 0.00395886
-26 -11 0.00261979
-26 -10 0.000913023
-26 -9 -0.00117554
-26 -8 -0.00363011
-26 -7 -0.00639157
-26 -6 -0.00934635
-26 -5 -0.0123234
-26 -4 -0.0151058
-26 -3 -0.0174592
-26 -2 -0.0191696
-26 -1 -0.0200771
-26 0 -0.020097
-26 1 -0.0192296
-26 2 -0.0175595
-26 3 -0.0152465
-26 4 -0.0125045
-26 5 -0.00956719
-26 6 -0.00665046
-26 7 -0.00392418
-26 8 -0.00150051
-26 9 0.000562825
-26 10 0.00225131
-26 11 0.00358012
-26 12 0.00458209
-26 13 0.00529863
-26 14 0.00577352
-26 15 0.00604919
-26 16 0.00616464
-26 17 0.00615459
-26 18 0.00604928
-26 19 0.00587466
-26 20 0.00565273
-26 21 0.00540203
-26 22 0.00513804
-26 23 0.00487363
-26 24 0.00461943
-26 25 0.00438412
-26 26 0.00417473
-26 27 0.00399688
-26 28 0.00385489
-26 29 0.00375201
-26 30 0.00369048
-26 31 0.00367161
-26 32 -0
-25 -32 0.00355047
-25 -31 0.00363948
-25 -30 0.00378446
-25 -29 0.00398323
-25 -28 0.0042326
-25 -27 0.00452828
-25 -26 0.00486471
-25 -25 0.00523489
-25 -24 0.0056302
-25 -23 0.00604006
-25 -22 0.0064517
-25 -21 0.00684972
-25 -20 0.00721573
-25 -19 0.00752773
-25 -18 0.00775963
-25 -17 0.00788046
-25 -16 0.00785377
-25 -15 0.00763692
-25 -14 0.00718068
-25 -13 0.00642947
-25 -12 0.00532268
-25 -11 0.00379816
-25 -10 0.00179902
-25 -9 -0.00071466
-25 -8 -0.00374821
-25 -7 -0.00724953
-25 -6 -0.0110857
-25 -5 -0.0150297
-25 -4 -0.0187721
-25 -3 -0.021967
-25 -2 -0.0242985
-25 -1 -0.0255352
-25 0 -0.0255571
-25 1 -0.0243642
-25 2 -0.022077
-25 3 -0.0189272
-25 4 -0.0152303
-25 5 -0.0113317
-25 6 -0.00753966
-25 7 -0.00407963
-25 8 -0.00108277
-25 9 0.00140061
-25 10 0.00337743
-25 11 0.00488892
-25 12 0.00599292
-25 13 0.00675213
-25 14 0.00722734
-25 15 0.00747396
-25 16 0.00754068
-25 17 0.00746936
-25 18 0.00729551
-25 19 0.00704891
-25 20 0.00675445
-25 21 0.00643284
-25 22 0.0061012
-25 23 0.00577369
-25 24 0.00546193
-25 25 0.00517539
-25 26 0.00492173
-25 27 0.00470701
-25 28 0.00453595
-25 29 0.00441205
-25 30 0.00433773
-25 31 0.00431439
-25 32 -0
-24 -32 0.00409791
-24 -31 0.00420086
-24 -30 0.00436927
-24 -29 0.0046008
-24 -28 0.00489205
-24 -27 0.00523845
-24 -26 0.00563411
-24 -25 0.0060716
-24 -24 0.00654179
-24 -23 0.00703346
-24 -22 0.00753308
-24 -21 0.00802427
-24 -20 0.00848736
-24 -19 0.00889874
-24 -18 0.00922999
-24 -17 0.00944699
-24 -16 0.00950867
-24 -15 0.00936568
-24 -14 0.00895903
-24 -13 0.0082189
-24 -12 0.00706445
-24 -11 0.00540562
-24 -10 0.00314918
-24 -9 0.000211895
-24 -8 -0.00345551
-24 -7 -0.00783136
-24 -6 -0.0127768
-24 -5 -0.0179973
-24 -4 -0.0230453
-24 -3 -0.0273966
-24 -2 -0.0305801
-24 -1 -0.0322655
-24 0 -0.0322886
-24 1 -0.0306495
-24 2 -0.0275132
-24 3 -0.0232106
-24 4 -0.0182126
-24 5 -0.0130429
-24 6 -0.00814765
-24 7 -0.00381947
-24 8 -0.000194942
-24 9 0.00270649
-24 10 0.00493608
-24 11 0.00657866
-24 12 0.00772861
-24 13 0.00847664
-24 14 0.0089038
-24 15 0.00907968
-24 16 0.00906271
-24 17 0.00890133
-24 18 0.00863548
-24 19 0.00829801
-24 20 0.00791589
-24 21 0.00751129
-24 22 0.00710244
-24 23 0.00670427
-24 24 0.00632902
-24 25 0.00598661
-24 26 0.00568508
-24 27 0.00543077
-24 28 0.00522861
-24 29 0.00508224
-24 30 0.00499418
-24 31 0.00496586
-24 32 -0
-23 -32 0.00465462
-23 -31 0.00477184
-23 -30 0.00496445
-23 -29 0.00523
-23 -28 0.00556495
-23 -27 0.00596458
-23 -26 0.00642281
-23 -25 0.00693202
-23 -24 0.0074828
-23 -23 0.00806369
-23 -22 0.0086608
-23 -21 0.00925736
-23 -20 0.00983317
-23 -19 0.0103638
-23 -18 0.0108198
-23 -17 0.011165
-23 -16 0.0113554
-23 -15 0.0113364
-23 -14 0.0110405
-23 -13 0.0103843
-23 -12 0.00926495
-23 -11 0.00755865
-23 -10 0.00512284
-23 -9 0.00180711
-23 -8 -0.00251866
-23 -7 -0.00790943
-23 -6 -0.014259
-23 -5 -0.0212031
-23 -4 -0.0280798
-23 -3 -0.0340571
-23 -2 -0.0384221
-23 -1 -0.0407196
-23 0 -0.0407432
-23 1 -0.0384931
-23 2 -0.034177
-23 3 -0.0282506
-23 4 -0.0214275
-23 5 -0.0145394
-23 6 -0.00824615
-23 7 -0.00290987
-23 8 0.00136624
-23 9 0.00463997
-23 10 0.00704385
-23 11 0.0087302
-23 12 0.00984293
-23 13 0.0105066
-23 14 0.0108241
-23 15 0.0108788
-23 16 0.0107375
-23 17 0.0104537
-23 18 0.0100703
-23 19 0.00962173
-23 20 0.00913607
-23 21 0.00863605
-23 22 0.00814024
-23 23 0.00766381
-23 24 0.00721913
-23 25 0.00681628
-23 26 0.00646335
-23 27 0.00616678
-23 28 0.00593153
-23 29 0.00576128
-23 30 0.00565855
-23 31 0.00562477
-23 32 -0
-22 -32 0.00521897
-22 -31 0.00535074
-22 -30 0.00556822
-22 -29 0.00586889
-22 -28 0.00624917
-22 -27 0.0067043
-22 -26 0.00722816
-22 -25 0.00781314
-22 -24 0.00844985
-22 -23 0.00912693
-22 -22 0.00983063
-22 -21 0.0105444
-22 -20 0.0112484
-22 -19 0.0119184
-22 -18 0.0125253
-22 -17 0.0130328
-22 -16 0.0133962
-22 -15 0.0135587
-22 -14 0.0134478
-22 -13 0.0129693
-22 -12 0.0120006
-22 -11 0.0103824
-22 -10 0.0079118
-22 -9 0.00434339
-22 -8 -0.000588537
-22 -7 -0.0071015
-22 -6 -0.0152194
-22 -5 -0.0245471
-22 -4 -0.0340825
-22 -3 -0.0423967
-22 -2 -0.0483965
-22 -1 -0.0515118
-22 0 -0.0515352
-22 1 -0.048467
-22 2 -0.0425161
-22 3 -0.0342538
-22 4 -0.0247745
-22 5 -0.0155073
-22 6 -0.00745234
-22 7 -0.00100135
-22 8 0.00387338
-22 9 0.00739291
-22 10 0.00982588
-22 11 0.0114199
-22 12 0.0123794
-22 13 0.0128644
-22 14 0.0129979
-22 15 0.0128736
-22 16 0.0125634
-22 17 0.0121228
-22 18 0.0115953
-22 19 0.0110153
-22 20 0.0104104
-22 21 0.00980288
-22 22 0.00921077
-22 23 0.00864886
-22 24 0.00812922
-22 25 0.00766165
-22 26 0.00725408
-22 27 0.00691278
-22 28 0.00664263
-22 29 0.00644722
-22 30 0.00632898
-22 31 0.00628927
-22 32 -0
-21 -32 0.00578877
-21 -31 0.00593529
-21 -30 0.00617815
-21 -29 0.00651483
-21 -28 0.00694177
-21 -27 0.00745425
-21 -26 0.00804629
-21 -25 0.00871046
-21 -24 0.00943769
-21 -23 0.010217
-21 -22 0.0110354
-21 -21 0.0118771
-21 -20 0.0127234
-21 -19 0.0135516
-21 -18 0.0143345
-21 -17 0.0150382
-21 -16 0.0156202
-21 -15 0.0160259
-21 -14 0.0161833
-21 -13 0.0159953
-21 -12 0.0153277
-21 -11 0.0139926
-21 -10 0.0117263
-21 -9 0.00816634
-21 -8 0.0028431
-21 -7 -0.00476877
-21 -6 -0.0150486
-21 -5 -0.0277591
-21 -4 -0.0413783
-21 -3 -0.0531193
-21 -2 -0.0613213
-21 -1 -0.0654607
-21 0 -0.0654833
-21 1 -0.0613896
-21 2 -0.0532348
-21 3 -0.0415446
-21 4 -0.0279822
-21 5 -0.0153364
-21 6 -0.00512672
-21 7 0.00241462
-21 8 0.00767208
-21 9 0.0111755
-21 10 0.0133978
-21 11 0.014704
-21 12 0.0153594
-21 13 0.0155528
-21 14 0.0154184
-21 15 0.0150532
-21 16 0.0145282
-21 17 0.0138967
-21 18 0.0131997
-21 19 0.0124692
-21 20 0.0117306
-21 21 0.0110046
-21 22 0.0103079
-21 23 0.00965416
-21 24 0.00905472
-21 25 0.00851878
-21 26 0.00805379
-21 27 0.0076657
-21 28 0.00735912
-21 29 0.00713745
-21 30 0.00700299
-21 31 0.00695697
-21 32 -0
-20 -32 0.00636135
-20 -31 0.00652272
-20 -30 0.00679129
-20 -29 0.00716456
-20 -28 0.00763904
-20 -27 0.00821018
-20 -26 0.00887224
-20 -25 0.00961814
-20 -24 0.0104394
-20 -23 0.0113257
-20 -22 0.0122651
-20 -21 0.0132433
-20 -20 0.0142436
-20 -19 0.0152461
-20 -18 0.0162269
-20 -17 0.017157
-20 -16 0.018
-20 -15 0.0187087
-20 -14 0.0192201
-20 -13 0.0194459
-20 -12 0.0192574
-20 -11 0.0184605
-20 -10 0.0167541
-20 -9 0.0136672
-20 -8 0.00847537
-20 -7 0.000143988
-20 -6 -0.0125322
-20 -5 -0.0301422
-20 -4 -0.0506259
-20 -3 -0.0674488
-20 -2 -0.0783732
-20 -1 -0.0835892
-20 0 -0.0836111
-20 1 -0.0784387
-20 2 -0.0675582
-20 3 -0.0507816
-20 4 -0.0303522
-20 5 -0.0128108
-20 6 -0.000213306
-20 7 0.0080373
-20 8 0.0131534
-20 9 0.0161751
-20 10 0.0178305
-20 11 0.0185933
-20 12 0.0187664
-20 13 0.0185445
-20 14 0.0180565
-20 15 0.0173902
-20 16 0.0166077
-20 17 0.0157548
-20 18 0.0148662
-20 19 0.0139688
-20 20 0.0130846
-20 21 0.0122312
-20 22 0.0114232
-20 23 0.0106727
-20 24 0.00998974
-20 25 0.00938262
-20 26 0.00885813
-20 27 0.0084217
-20 28 0.00807756
-20 29 0.00782884
-20 30 0.00767761
-20 31 0.00762496
-20 32 -0
-19 -32 0.00693362
-19 -31 0.00710982
-19 -30 0.00740417
-19 -29 0.00781423
-19 -28 0.00833665
-19 -27 0.00896709
-19 -26 0.00970013
-19 -25 0.0105292
-19 -24 0.0114464
-19 -23 0.0124427
-19 -22 0.0135072
-19 -21 0.0146277
-19 -20 0.0157901
-19 -19 0.0169782
-19 -18 0.0181731
-19 -17 0.0193528
-19 -16 0.0204905
-19 -15 0.0215524
-19 -14 0.0224935
-19 -13 0.0232497
-19 -12 0.0237236
-19 -11 0.0237563
-19 -10 0.0230734
-19 -9 0.0211781
-19 -8 0.0171496
-19 -7 0.00930449
-19 -6 -0.00517426
-19 -5 -0.029735
-19 -4 -0.0636067
-19 -3 -0.0877415
-19 -2 -0.101194
-19 -1 -0.10697
-19 0 -0.106992
-19 1 -0.101258
-19 2 -0.0878456
-19 3 -0.0637481
-19 4 -0.0299201
-19 5 -0.00543199
-19 6 0.00895649
-19 7 0.0167079
-19 8 0.0206489
-19 9 0.0224694
-19 10 0.0230938
-19 11 0.0230216
-19 12 0.0225287
-19 13 0.0217748
-19 14 0.0208573
-19 15 0.0198396
-19 16 0.0187657
-19 17 0.0176679
-19 18 0.0165711
-19 19 0.0154954
-19 20 0.0144571
-19 21 0.0134703
-19 22 0.0125466
-19 23 0.0116961
-19 24 0.0109272
-19 25 0.0102472
-19 26 0.00966198
-19 27 0.00917631
-19 28 0.00879397
-19 29 0.00851772
-19 30 0.0083494
-19 31 0.00828991
-19 32 -0
-18 -32 0.00750214
-18 -31 0.00769301
-18 -30 0.00801296
-18 -29 0.00845963
-18 -28 0.00902981
-18 -27 0.0097194
-18 -26 0.0105234
-18 -25 0.0114358
-18 -24 0.0124494
-18 -23 0.0135564
-18 -22 0.0147474
-18 -21 0.0160125
-18 -20 0.0173405
-18 -19 0.0187195
-18 -18 0.0201368
-18 -17 0.0215786
-18 -16 0.0230305
-18 -15 0.0244764
-18 -14 0.0258974
-18 -13 0.0272685
-18 -12 0.0285516
-18 -11 0.0296781
-18 -10 0.0305065
-18 -9 0.0307168
-18 -8 0.0295317
-18 -7 0.0249901
-18 -6 0.0121635
-18 -5 -0.0201049
-18 -4 -0.086392
-18 -3 -0.118774
-18 -2 -0.131741
-18 -1 -0.136156
-18 0 -0.13618
-18 1 -0.13181
-18 2 -0.118881
-18 3 -0.0865224
-18 4 -0.0202442
-18 5 0.0119431
-18 6 0.0246608
-18 7 0.0290914
-18 8 0.0301755
-18 9 0.0298799
-18 10 0.0289852
-18 11 0.0278138
-18 12 0.0265081
-18 13 0.0251375
-18 14 0.02374
-18 15 0.02234
-18 16 0.020955
-18 17 0.0195996
-18 18 0.0182863
-18 19 0.0170264
-18 20 0.0158303
-18 21 0.0147074
-18 22 0.0136664
-18 23 0.0127147
-18 24 0.0118593
-18 25 0.0111059
-18 26 0.0104597
-18 27 0.00992459
-18 28 0.00950394
-18 29 0.00920009
-18 30 0.0090146
-18 31 0.00894817
-18 32 -0
-17 -32 0.00806327
-17 -31 0.00826851
-17 -30 0.0086136
-17 -29 0.00909624
-17 -28 0.00971339
-17 -27 0.0104612
-17 -26 0.0113351
-17 -25 0.0123295
-17 -24 0.0134383
-17 -23 0.0146544
-17 -22 0.0159704
-17 -21 0.0173784
-17 -20 0.0188704
-17 -19 0.0204387
-17 -18 0.0220769
-17 -17 0.0237802
-17 -16 0.025547
-17 -15 0.0273805
-17 -14 0.0292915
-17 -13 0.0313017
-17 -12 0.0334497
-17 -11 0.0357993
-17 -10 0.0384492
-17 -9 0.041534
-17 -8 0.0451478
-17 -7 0.048837
-17 -6 0.0488248
-17 -5 0.0234467
-17 -4 -0.143135
-17 -3 -0.169262
-17 -2 -0.17088
-17 -1 -0.169773
-17 0 -0.169802
-17 1 -0.170964
-17 2 -0.169395
-17 3 -0.143288
-17 4 0.0234059
-17 5 0.0486657
-17 6 0.0485345
-17 7 0.044712
-17 8 0.0409822
-17 9 0.0378016
-17 10 0.0350777
-17 11 0.0326777
-17 12 0.0305036
-17 13 0.0284923
-17 14 0.0266048
-17 15 0.0248185
-17 16 0.0231216
-17 17 0.021509
-17 18 0.0199802
-17 19 0.0185375
-17 20 0.017185
-17 21 0.0159274
-17 22 0.0147701
-17 23 0.0137185
-17 24 0.0127775
-17 25 0.0119517
-17 26 0.0112452
-17 27 0.0106613
-17 28 0.0102028
-17 29 0.00987169
-17 30 0.0096692
-17 31 0.00959585
-17 32 -0
-16 -32 0.00861326
-16 -31 0.00883243
-16 -30 0.00920191
-16 -29 0.00971946
-16 -28 0.0103822
-16 -27 0.0111865
-16 -26 0.012128
-16 -25 0.0132019
-16 -24 0.0144027
-16 -23 0.0157243
-16 -22 0.0171607
-16 -21 0.018706
-16 -20 0.020355
-16 -19 0.022104
-16 -18 0.0239519
-16 -17 0.025902
-16 -16 0.027964
-16 -15 0.0301584
-16 -14 0.0325217
-16 -13 0.0351172
-16 -12 0.0380522
-16 -11 0.0415131
-16 -10 0.0458384
-16 -9 0.0516933
-16 -8 0.0605509
-16 -7 0.0762407
-16 -6 0.110705
-16 -5 0.208073
-16 -4 -0.340334
-16 -3 -0.244276
-16 -2 -0.21277
-16 -1 -0.202281
-16 0 -0.202314
-16 1 -0.212874
-16 2 -0.244469
-16 3 -0.340681
-16 4 0.208316
-16 5 0.110631
-16 6 0.0759655
-16 7 0.0601181
-16 8 0.0511306
-16 9 0.0451702
-16 10 0.0407639
-16 11 0.0372474
-16 12 0.0342832
-16 13 0.0316849
-16 14 0.0293449
-16 15 0.0271993
-16 16 0.0252099
-16 17 0.0233546
-16 18 0.0216213
-16 19 0.0200042
-16 20 0.0185017
-16 21 0.0171147
-16 22 0.0158454
-16 23 0.0146972
-16 24 0.0136733
-16 25 0.0127773
-16 26 0.0120123
-16 27 0.0113811
-16 28 0.0108858
-16 29 0.0105281
-16 30 0.0103091
-16 31 0.010229
-16 32 -0
-15 -32 0.00914836
-15 -31 0.00938088
-15 -30 0.00977373
-15 -29 0.0103247
-15 -28 0.0110311
-15 -27 0.0118893
-15 -26 0.0128954
-15 -25 0.014045
-15 -24 0.0153329
-15 -23 0.0167541
-15 -22 0.0183037
-15 -21 0.0199771
-15 -20 0.0217715
-15 -19 0.023686
-15 -18 0.0257237
-15 -17 0.0278934
-15 -16 0.0302131
-15 -15 0.0327143
-15 -14 0.0354501
-15 -13 0.0385072
-15 -12 0.0420276
-15 -11 0.0462473
-15 -10 0.0515698
-15 -9 0.0587096
-15 -8 0.0689695
-15 -7 0.0847034
-15 -6 0.109489
-15 -5 0.143468
-15 -4 -0.287066
-15 -3 -0.254749
-15 -2 -0.233657
-15 -1 -0.224282
-15 0 -0.224313
-15 1 -0.23375
-15 2 -0.254905
-15 3 -0.287279
-15 4 0.143624
-15 5 0.109415
-15 6 0.0844321
-15 7 0.0685324
-15 8 0.0581335
-15 9 0.0508807
-15 10 0.0454712
-15 11 0.0411915
-15 12 0.0376389
-15 13 0.0345775
-15 14 0.031865
-15 15 0.0294138
-15 16 0.0271694
-15 17 0.0250983
-15 18 0.0231801
-15 19 0.0214035
-15 20 0.0197624
-15 21 0.0182546
-15 22 0.0168804
-15 23 0.0156409
-15 24 0.0145386
-15 25 0.0135759
-15 26 0.0127551
-15 27 0.0120786
-15 28 0.0115481
-15 29 0.0111651
-15 30 0.0109301
-15 31 0.0108435
-15 32 -0
-14 -32 0.00966493
-14 -31 0.0099101
-14 -30 0.0103251
-14 -29 0.0109077
-14 -28 0.0116551
-14 -27 0.0125642
-14 -26 0.0136309
-14 -25 0.014851
-14 -24 0.01622
-14 -23 0.0177332
-14 -22 0.0193863
-14 -21 0.0211759
-14 -20 0.0231002
-14 -19 0.0251602
-14 -18 0.027361
-14 -17 0.0297145
-14 -16 0.0322418
-14 -15 0.0349789
-14 -14 0.0379827
-14 -13 0.0413424
-14 -12 0.045196
-14 -11 0.049756
-14 -10 0.0553476
-14 -9 0.0624565
-14 -8 0.0717531
-14 -7 0.0839407
-14 -6 0.0988946
-14 -5 0.112749
-14 -4 -0.266105
-14 -3 -0.253999
-14 -2 -0.242834
-14 -1 -0.236885
-14 0 -0.23691
-14 1 -0.242907
-14 2 -0.254113
-14 3 -0.266246
-14 4 0.112861
-14 5 0.0988045
-14 6 0.0836611
-14 7 0.0713054
-14 8 0.0618646
-14 9 0.0546371
-14 10 0.0489537
-14 11 0.0443299
-14 12 0.0404415
-14 13 0.0370761
-14 14 0.0340957
-14 15 0.0314099
-14 16 0.0289603
-14 17 0.026709
-14 18 0.0246324
-14 19 0.0227158
-14 20 0.0209512
-14 21 0.0193344
-14 22 0.0178642
-14 23 0.0165409
-14 24 0.0153658
-14 25 0.0143408
-14 26 0.0134679
-14 27 0.0127489
-14 28 0.0121854
-14 29 0.0117783
-14 30 0.0115284
-14 31 0.0114356
-14 32 -0
-13 -32 0.0101596
-13 -31 0.0104166
-13 -30 0.0108522
-13 -29 0.0114642
-13 -28 0.0122499
-13 -27 0.013206
-13 -26 0.0143286
-13 -25 0.0156135
-13 -24 0.0170563
-13 -23 0.0186525
-13 -22 0.0203981
-13 -21 0.0222898
-13 -20 0.0243262
-13 -19 0.0265086
-13 -18 0.0288424
-13 -17 0.0313392
-13 -16 0.0340195
-13 -15 0.0369163
-13 -14 0.0400804
-13 -13 0.0435869
-13 -12 0.0475445
-13 -11 0.0521041
-13 -10 0.0574649
-13 -9 0.0638594
-13 -8 0.071478
-13 -7 0.0802346
-13 -6 0.089215
-13 -5 0.0957927
-13 -4 -0.257248
-13 -3 -0.252309
-13 -2 -0.246801
-13 -1 -0.243518
-13 0 -0.243537
-13 1 -0.246854
-13 2 -0.25239
-13 3 -0.257344
-13 4 0.0958788
-13 5 0.0891081
-13 6 0.0799421
-13 7 0.0710164
-13 8 0.0632502
-13 9 0.0567328
-13 10 0.0512763
-13 11 0.0466497
-13 12 0.0426551
-13 13 0.0391418
-13 14 0.0360011
-13 15 0.0331567
-13 16 0.0305565
-13 17 0.0281652
-13 18 0.02596
-13 19 0.0239263
-13 20 0.0220556
-13 21 0.0203434
-13 22 0.018788
-13 23 0.0173892
-13 24 0.0161482
-13 25 0.0150664
-13 26 0.0141456
-13 27 0.0133874
-13 28 0.0127932
-13 29 0.0123639
-13 30 0.0121001
-13 31 0.0120017
-13 32 -0
-12 -32 0.0106291
-12 -31 0.010897
-12 -30 0.0113517
-12 -29 0.0119908
-12 -28 0.0128116
-12 -27 0.0138105
-12 -26 0.0149838
-12 -25 0.0163271
-12 -24 0.0178358
-12 -23 0.0195052
-12 -22 0.021331
-12 -21 0.0233098
-12 -20 0.0254394
-12 -19 0.0277202
-12 -18 0.0301561
-12 -17 0.0327562
-12 -16 0.0355366
-12 -15 0.0385227
-12 -14 0.0417526
-12 -13 0.0452792
-12 -12 0.0491722
-12 -11 0.0535163
-12 -10 0.0583992
-12 -9 0.0638766
-12 -8 0.0698925
-12 -7 0.0761242
-12 -6 0.0817526
-12 -5 0.0853199
-12 -4 -0.253327
-12 -3 -0.251191
-12 -2 -0.248542
-12 -1 -0.246853
-12 0 -0.246867
-12 1 -0.248579
-12 2 -0.251247
-12 3 -0.253394
-12 4 0.0853889
-12 5 0.0816308
-12 6 0.0758177
-12 7 0.0694156
-12 8 0.0632494
-12 9 0.0576458
-12 10 0.052664
-12 11 0.0482502
-12 12 0.0443182
-12 13 0.040784
-12 14 0.0375775
-12 15 0.0346449
-12 16 0.0319468
-12 17 0.0294555
-12 18 0.0271522
-12 19 0.025025
-12 20 0.0230668
-12 21 0.0212738
-12 22 0.0196448
-12 23 0.0181799
-12 24 0.0168804
-12 25 0.0157477
-12 26 0.0147837
-12 27 0.01399
-12 28 0.0133679
-12 29 0.0129184
-12 30 0.0126418
-12 31 0.0125382
-12 32 -0
-11 -32 0.0110707
-11 -31 0.0113486
-11 -30 0.0118206
-11 -29 0.0124843
-11 -28 0.0133366
-11 -27 0.0143741
-11 -26 0.0155926
-11 -25 0.0169874
-11 -24 0.0185538
-11 -23 0.0202863
-11 -22 0.0221802
-11 -21 0.0242309
-11 -20 0.0264351
-11 -19 0.0287912
-11 -18 0.0313002
-11 -17 0.033967
-11 -16 0.0368013
-11 -15 0.0398186
-11 -14 0.0430416
-11 -13 0.0464994
-11 -12 0.0502254
-11 -11 0.0542502
-11 -10 0.0585848
-11 -9 0.0631886
-11 -8 0.0679147
-11 -7 0.072433
-11 -6 0.0761635
-11 -5 0.0783191
-11 -4 -0.251544
-11 -3 -0.250584
-11 -2 -0.249324
-11 -1 -0.248488
-11 0 -0.248497
-11 1 -0.24935
-11 2 -0.250624
-11 3 -0.25159
-11 4 0.078376
-11 5 0.0760288
-11 6 0.0721128
-11 7 0.0674224
-11 8 0.0625435
-11 9 0.0578108
-11 10 0.0533745
-11 11 0.0492778
-11 12 0.0455112
-11 13 0.0420449
-11 14 0.0388455
-11 15 0.0358828
-11 16 0.0331328
-11 17 0.0305777
-11 18 0.0282051
-11 19 0.0260072
-11 20 0.0239796
-11 21 0.0221205
-11 22 0.0204297
-11 23 0.0189083
-11 24 0.017558
-11 25 0.0163808
-11 26 0.0153786
-11 27 0.0145532
-11 28 0.0139062
-11 29 0.0134385
-11 30 0.0131505
-11 31 0.0130423
-11 32 -0
-10 -32 0.011482
-10 -31 0.0117689
-10 -30 0.0122564
-10 -29 0.012942
-10 -28 0.0138224
-10 -27 0.0148939
-10 -26 0.016152
-10 -25 0.0175917
-10 -24 0.0192074
-10 -23 0.0209932
-10 -22 0.0229432
-10 -21 0.0250515
-10 -20 0.0273129
-10 -19 0.0297232
-10 -18 0.03228
-10 -17 0.0349829
-10 -16 0.0378343
-10 -15 0.0408394
-10 -14 0.0440058
-10 -13 0.047342
-10 -12 0.0508525
-10 -11 0.0545304
-10 -10 0.0583427
-10 -9 0.0622075
-10 -8 0.065964
-10 -7 0.0693423
-10 -6 0.0719583
-10 -5 0.0733773
-10 -4 -0.250719
-10 -3 -0.250279
-10 -2 -0.249682
-10 -1 -0.249277
-10 0 -0.249284
-10 1 -0.249701
-10 2 -0.250306
-10 3 -0.250751
-10 4 0.073425
-10 5 0.0718125
-10 6 0.0690093
-10 7 0.0654569
-10 8 0.0615453
-10 9 0.0575491
-10 10 0.0536328
-10 11 0.049881
-10 12 0.0463285
-10 13 0.0429833
-10 14 0.0398405
-10 15 0.0368911
-10 16 0.0341259
-10 17 0.0315373
-10 18 0.0291205
-10 19 0.0268725
-10 20 0.0247925
-10 21 0.0228811
-10 22 0.02114
-10 23 0.0195715
-10 24 0.0181781
-10 25 0.0169626
-10 26 0.0159272
-10 27 0.0150742
-10 28 0.0144052
-10 29 0.0139215
-10 30 0.0136235
-10 31 0.0135112
-10 32 -0
-9 -32 0.0118609
-9 -31 0.0121558
-9 -30 0.0126571
-9 -29 0.0133619
-9 -28 0.0142668
-9 -27 0.0153679
-9 -26 0.0166601
-9 -25 0.0181379
-9 -24 0.0197951
-9 -23 0.0216248
-9 -22 0.0236198
-9 -21 0.0257727
-9 -20 0.028076
-9 -19 0.0305227
-9 -18 0.0331063
-9 -17 0.0358213
-9 -16 0.0386629
-9 -15 0.0416267
-9 -14 0.0447076
-9 -13 0.0478976
-9 -12 0.0511811
-9 -11 0.0545286
-9 -10 0.0578857
-9 -9 0.0611601
-9 -8 0.0642073
-9 -7 0.0668232
-9 -6 0.0687562
-9 -5 0.0697561
-9 -4 -0.250335
-9 -3 -0.250131
-9 -2 -0.249849
-9 -1 -0.249656
-9 0 -0.24966
-9 1 -0.249862
-9 2 -0.25015
-9 3 -0.250357
-9 4 0.0697967
-9 5 0.0686008
-9 6 0.0664785
-9 7 0.0636864
-9 8 0.0604819
-9 9 0.0570738
-9 10 0.0536106
-9 11 0.0501876
-9 12 0.046861
-9 13 0.0436614
-9 14 0.0406044
-9 15 0.0376972
-9 16 0.0349435
-9 17 0.0323453
-9 18 0.0299047
-9 19 0.0276242
-9 20 0.0255066
-9 21 0.0235556
-9 22 0.0217748
-9 23 0.0201679
-9 24 0.0187389
-9 25 0.017491
-9 26 0.0164274
-9 27 0.0155507
-9 28 0.0148628
-9 29 0.0143652
-9 30 0.0140585
-9 31 0.0139427
-9 32 -0
-8 -32 0.0122057
-8 -31 0.0125077
-8 -30 0.0130208
-8 -29 0.0137423
-8 -28 0.0146684
-8 -27 0.0157946
-8 -26 0.0171157
-8 -25 0.0186255
-8 -24 0.0203167
-8 -23 0.0221817
-8 -22 0.0242119
-8 -21 0.0263979
-8 -20 0.0287302
-8 -19 0.0311987
-8 -18 0.0337931
-8 -17 0.0365029
-8 -16 0.0393169
-8 -15 0.0422226
-8 -14 0.0452049
-8 -13 0.048244
-8 -12 0.0513116
-8 -11 0.054366
-8 -10 0.0573455
-8 -9 0.0601619
-8 -8 0.0626945
-8 -7 0.0647929
-8 -6 0.0662901
-8 -5 0.0670351
-8 -4 -0.250156
-8 -3 -0.25006
-8 -2 -0.249928
-8 -1 -0.249836
-8 0 -0.249839
-8 1 -0.249936
-8 2 -0.250074
-8 3 -0.250171
-8 4 0.06707
-8 5 0.0661265
-8 6 0.0644378
-8 7 0.0621611
-8 8 0.0594689
-8 9 0.0565169
-8 10 0.0534295
-8 11 0.0502981
-8 12 0.0471865
-8 13 0.0441374
-8 14 0.0411792
-8 15 0.038331
-8 16 0.0356064
-8 17 0.0330156
-8 18 0.030567
-8 19 0.0282681
-8 20 0.0261255
-8 21 0.0241456
-8 22 0.0223344
-8 23 0.0206973
-8 24 0.0192394
-8 25 0.0179649
-8 26 0.0168778
-8 27 0.0159811
-8 28 0.0152772
-8 29 0.0147678
-8 30 0.0144537
-8 31 0.014335
-8 32 -0
-7 -32 0.0125153
-7 -31 0.0128232
-7 -30 0.0133466
-7 -29 0.0140821
-7 -28 0.015026
-7 -27 0.0161734
-7 -26 0.0175184
-7 -25 0.0190542
-7 -24 0.020773
-7 -23 0.0226656
-7 -22 0.0247223
-7 -21 0.026932
-7 -20 0.0292829
-7 -19 0.0317621
-7 -18 0.0343558
-7 -17 0.0370491
-7 -16 0.0398254
-7 -15 0.0426657
-7 -14 0.0455478
-7 -13 0.0484439
-7 -12 0.0513182
-7 -11 0.0541241
-7 -10 0.0567999
-7 -9 0.0592662
-7 -8 0.0614257
-7 -7 0.0631668
-7 -6 0.0643762
-7 -5 0.0649582
-7 -4 -0.250072
-7 -3 -0.250027
-7 -2 -0.249965
-7 -1 -0.249922
-7 0 -0.249924
-7 1 -0.249971
-7 2 -0.250036
-7 3 -0.250083
-7 4 0.0649884
-7 5 0.0642057
-7 6 0.0628026
-7 7 0.060881
-7 8 0.0585601
-7 9 0.0559563
-7 10 0.0531712
-7 11 0.0502871
-7 12 0.0473679
-7 13 0.0444614
-7 14 0.0416036
-7 15 0.0388215
-7 16 0.036136
-7 17 0.0335637
-7 18 0.0311183
-7 19 0.0288116
-7 20 0.0266539
-7 21 0.0246542
-7 22 0.0228206
-7 23 0.0211604
-7 24 0.0196796
-7 25 0.0183838
-7 26 0.0172775
-7 27 0.0163643
-7 28 0.0156472
-7 29 0.0151279
-7 30 0.0148076
-7 31 0.0146865
-7 32 -0
-6 -32 0.0127884
-6 -31 0.0131015
-6 -30 0.0136333
-6 -29 0.0143806
-6 -28 0.0153392
-6 -27 0.0165039
-6 -26 0.0178683
-6 -25 0.0194249
-6 -24 0.0211651
-6 -23 0.0230789
-6 -22 0.0251549
-6 -21 0.0273806
-6 -20 0.0297421
-6 -19 0.0322241
-6 -18 0.0348096
-6 -17 0.03748
-6 -16 0.0402145
-6 -15 0.0429893
-6 -14 0.0457771
-6 -13 0.0485451
-6 -12 0.051254
-6 -11 0.0538558
-6 -10 0.0562921
-6 -9 0.0584938
-6 -8 0.060382
-6 -7 0.0618731
-6 -6 0.0628872
-6 -5 0.0633609
-6 -4 -0.250033
-6 -3 -0.250012
-6 -2 -0.249983
-6 -1 -0.249963
-6 0 -0.249964
-6 1 -0.249987
-6 2 -0.250018
-6 3 -0.25004
-6 4 0.0633874
-6 5 0.0627108
-6 6 0.0615009
-6 7 0.0598276
-6 8 0.0577763
-6 9 0.0554356
-6 10 0.0528885
-6 11 0.0502075
-6 12 0.047453
-6 13 0.0446743
-6 14 0.041911
-6 15 0.0391951
-6 16 0.0365525
-6 17 0.0340047
-6 18 0.0315697
-6 19 0.0292629
-6 20 0.0270975
-6 21 0.0250852
-6 22 0.0232359
-6 23 0.0215584
-6 24 0.0200602
-6 25 0.0187476
-6 26 0.0176261
-6 27 0.0166997
-6 28 0.0159717
-6 29 0.0154445
-6 30 0.0151192
-6 31 0.0149962
-6 32 -0
-5 -32 0.0130245
-5 -31 0.0133417
-5 -30 0.0138804
-5 -29 0.0146372
-5 -28 0.0156076
-5 -27 0.0167861
-5 -26 0.0181657
-5 -25 0.0197386
-5 -24 0.0214951
-5 -23 0.0234243
-5 -22 0.0255138
-5 -21 0.0277496
-5 -20 0.030116
-5 -19 0.0325954
-5 -18 0.0351685
-5 -17 0.0378136
-5 -16 0.0405068
-5 -15 0.0432208
-5 -14 0.0459248
-5 -13 0.0485833
-5 -12 0.0511556
-5 -11 0.0535942
-5 -10 0.0558454
-5 -9 0.0578487
-5 -8 0.05954
-5 -7 0.0608545
-5 -6 0.061734
-5 -5 0.0621339
-5 -4 -0.250015
-5 -3 -0.250005
-5 -2 -0.249991
-5 -1 -0.249982
-5 0 -0.249983
-5 1 -0.249994
-5 2 -0.250009
-5 3 -0.25002
-5 4 0.0621575
-5 5 0.0615527
-5 6 0.0604758
-5 7 0.0589774
-5 8 0.0571216
-5 9 0.0549779
-5 10 0.0526149
-5 11 0.0500961
-5 12 0.0474777
-5 13 0.0448083
-5 14 0.0421289
-5 15 0.0394744
-5 16 0.0368741
-5 17 0.0343529
-5 18 0.0319321
-5 19 0.02963
-5 20 0.0274623
-5 21 0.0254427
-5 22 0.0235829
-5 23 0.0218932
-5 24 0.020382
-5 25 0.0190568
-5 26 0.0179235
-5 27 0.0169868
-5 28 0.0162504
-5 29 0.0157168
-5 30 0.0153876
-5 31 0.0152631
-5 32 -0
-4 -32 0.013223
-4 -31 0.0135434
-4 -30 0.0140876
-4 -29 0.0148517
-4 -28 0.0158312
-4 -27 0.0170202
-4 -26 0.0184115
-4 -25 0.0199963
-4 -24 0.0217647
-4 -23 0.0237048
-4 -22 0.0258032
-4 -21 0.0280446
-4 -20 0.0304119
-4 -19 0.0328858
-4 -18 0.0354449
-4 -17 0.0380655
-4 -16 0.040721
-4 -15 0.0433819
-4 -14 0.0460153
-4 -13 0.0485842
-4 -12 0.0510476
-4 -11 0.0533597
-4 -10 0.0554708
-4 -9 0.057328
-4 -8 0.0588774
-4 -7 0.0600674
-4 -6 0.0608535
-4 -5 0.0612029
-4 -4 -0.250006
-4 -3 -0.250002
-4 -2 -0.249996
-4 -1 -0.249991
-4 0 -0.249992
-4 1 -0.249998
-4 2 -0.250005
-4 3 -0.25001
-4 4 0.0612241
-4 5 0.0606684
-4 6 0.0596835
-4 7 0.0583083
-4 8 0.0565932
-4 9 0.0545945
-4 10 0.0523706
-4 11 0.0499777
-4 12 0.0474677
-4 13 0.0448877
-4 14 0.042279
-4 15 0.039678
-4 16 0.0371161
-4 17 0.0346206
-4 18 0.0322152
-4 19 0.0299203
-4 20 0.0277537
-4 21 0.0257307
-4 22 0.0238646
-4 23 0.0221666
-4 24 0.0206464
-4 25 0.0193119
-4 26 0.0181699
-4 27 0.0172255
-4 28 0.0164827
-4 29 0.0159444
-4 30 0.0156121
-4 31 0.0154866
-4 32 -0
-3 -32 0.0133834
-3 -31 0.0137064
-3 -30 0.0142545
-3 -29 0.015024
-3 -28 0.0160102
-3 -27 0.0172067
-3 -26 0.0186062
-3 -25 0.0201994
-3 -24 0.0219759
-3 -23 0.023923
-3 -22 0.0260266
-3 -21 0.0282705
-3 -20 0.0306363
-3 -19 0.0331035
-3 -18 0.0356492
-3 -17 0.038248
-3 -16 0.0408717
-3 -15 0.0434893
-3 -14 0.0460665
-3 -13 0.0485659
-3 -12 0.0509465
-3 -11 0.0531644
-3 -10 0.0551733
-3 -9 0.0569259
-3 -8 0.0583755
-3 -7 0.0594793
-3 -6 0.0602014
-3 -5 0.0605165
-3 -4 -0.250002
-3 -3 -0.25
-3 -2 -0.249998
-3 -1 -0.249996
-3 0 -0.249996
-3 1 -0.249999
-3 2 -0.250003
-3 3 -0.250005
-3 4 0.060536
-3 5 0.0600135
-3 6 0.0590915
-3 7 0.0578015
-3 8 0.0561852
-3 9 0.0542904
-3 10 0.052168
-3 11 0.0498687
-3 12 0.0474411
-3 13 0.0449305
-3 14 0.0423781
-3 15 0.0398207
-3 16 0.0372911
-3 17 0.0348182
-3 18 0.0324273
-3 19 0.0301404
-3 20 0.0279768
-3 21 0.0259531
-3 22 0.0240836
-3 23 0.0223806
-3 24 0.0208544
-3 25 0.0195137
-3 26 0.0183657
-3 27 0.0174159
-3 28 0.0166686
-3 29 0.0161268
-3 30 0.0157925
-3 31 0.0156661
-3 32 -0
-2 -32 0.0135057
-2 -31 0.0138302
-2 -30 0.014381
-2 -29 0.0151541
-2 -28 0.0161445
-2 -27 0.017346
-2 -26 0.0187506
-2 -25 0.020349
-2 -24 0.0221302
-2 -23 0.0240813
-2 -22 0.0261873
-2 -21 0.0284314
-2 -20 0.0307945
-2 -19 0.0332551
-2 -18 0.0357894
-2 -17 0.0383707
-2 -16 0.04097
-2 -15 0.0435551
-2 -14 0.0460912
-2 -13 0.0485405
-2 -12 0.0508627
-2 -11 0.0530152
-2 -10 0.0549543
-2 -9 0.0566363
-2 -8 0.0580196
-2 -7 0.0590667
-2 -6 0.0597472
-2 -5 0.0600401
-2 -4 -0.250001
-2 -3 -0.25
-2 -2 -0.249999
-2 -1 -0.249998
-2 0 -0.249998
-2 1 -0.25
-2 2 -0.250002
-2 3 -0.250003
-2 4 0.0600585
-2 5 0.0595574
-2 6 0.0586763
-2 7 0.0574424
-2 8 0.0558918
-2 9 0.054067
-2 10 0.052014
-2 11 0.0497797
-2 12 0.0474103
-2 13 0.0449496
-2 14 0.0424383
-2 15 0.0399135
-2 16 0.0374087
-2 17 0.0349538
-2 18 0.032575
-2 19 0.0302956
-2 20 0.0281357
-2 21 0.0261128
-2 22 0.0242422
-2 23 0.0225367
-2 24 0.0210072
-2 25 0.0196629
-2 26 0.0185111
-2 27 0.017558
-2 28 0.0168079
-2 29 0.016264
-2 30 0.0159283
-2 31 0.0158015
-2 32 -0
-1 -32 0.0135895
-1 -31 0.0139149
-1 -30 0.0144669
-1 -29 0.0152418
-1 -28 0.0162344
-1 -27 0.0174382
-1 -26 0.0188452
-1 -25 0.0204459
-1 -24 0.022229
-1 -23 0.0241813
-1 -22 0.0262875
-1 -21 0.0285304
-1 -20 0.0308904
-1 -19 0.0333455
-1 -18 0.0358712
-1 -17 0.0384404
-1 -16 0.0410233
-1 -15 0.0435875
-1 -14 0.0460977
-1 -13 0.0485161
-1 -12 0.0508027
-1 -11 0.052916
-1 -10 0.0548138
-1 -9 0.0564546
-1 -8 0.0577995
-1 -7 0.0588141
-1 -6 0.0594709
-1 -5 0.0597512
-1 -4 -0.25
-1 -3 -0.25
-1 -2 -0.249999
-1 -1 -0.249999
-1 0 -0.249999
-1 1 -0.25
-1 2 -0.250001
-1 3 -0.250002
-1 4 0.0597689
-1 5 0.0592801
-1 6 0.0584225
-1 7 0.0572207
-1 8 0.0557083
-1 9 0.0539245
-1 10 0.0519125
-1 11 0.0497173
-1 12 0.0473832
-1 13 0.0449533
-1 14 0.0424678
-1 15 0.039964
-1 16 0.0374757
-1 17 0.035033
-1 18 0.0326631
-1 19 0.0303896
-1 20 0.0282333
-1 21 0.0262123
-1 22 0.0243421
-1 23 0.0226361
-1 24 0.0211055
-1 25 0.0197598
-1 26 0.0186065
-1 27 0.0176519
-1 28 0.0169005
-1 29 0.0163557
-1 30 0.0160194
-1 31 0.0158923
-1 32 -0
0 -32 0.0136347
0 -31 0.0139602
0 -30 0.0145123
0 -29 0.0152873
0 -28 0.0162799
0 -27 0.0174835
0 -26 0.0188903
0 -25 0.0204906
0 -24 0.0222729
0 -23 0.024224
0 -22 0.0263286
0 -21 0.0285692
0 -20 0.0309262
0 -19 0.0333773
0 -18 0.035898
0 -17 0.038461
0 -16 0.0410363
0 -15 0.0435913
0 -14 0.0460908
0 -13 0.048497
0 -12 0.0507701
0 -11 0.0528688
0 -10 0.0547516
0 -9 0.0563778
0 -8 0.0577092
0 -7 0.0587126
0 -6 0.0593612
0 -5 0.0596373
0 -4 -0.25
0 -3 -0.25
0 -2 -0.249999
0 -1 -0.249999
0 0 -0.249999
0 1 -0.25
0 2 -0.250001
0 3 -0.250002
0 4 0.0596548
0 5 0.0591704
0 6 0.0583209
0 7 0.0571306
0 8 0.0556316
0 9 0.0538625
0 10 0.0518656
0 11 0.0496848
0 12 0.0473642
0 13 0.0449464
0 14 0.0424716
0 15 0.0399768
0 16 0.0374959
0 17 0.0350595
0 18 0.0326945
0 19 0.0304248
0 20 0.0282715
0 21 0.0262528
0 22 0.0243844
0 23 0.0226796
0 24 0.02115
0 25 0.0198048
0 26 0.018652
0 27 0.0176977
0 28 0.0169465
0 29 0.0164017
0 30 0.0160655
0 31 0.0159385
0 32 -0
1 -32 0.0136411
1 -31 0.0139659
1 -30 0.0145169
1 -29 0.0152903
1 -28 0.0162808
1 -27 0.017482
1 -26 0.018886
1 -25 0.0204831
1 -24 0.0222621
1 -23 0.0242098
1 -22 0.0263111
1 -21 0.0285485
1 -20 0.0309027
1 -19 0.0333517
1 -18 0.0358711
1 -17 0.0384338
1 -16 0.0410103
1 -15 0.0435682
1 -14 0.0460722
1 -13 0.0484847
1 -12 0.0507659
1 -11 0.0528742
1 -10 0.0547676
1 -9 0.0564048
1 -8 0.0577467
1 -7 0.0587592
1 -6 0.0594146
1 -5 0.0596944
1 -4 -0.25
1 -3 -0.25
1 -2 -0.249999
1 -1 -0.249999
1 0 -0.249999
1 1 -0.25
1 2 -0.250001
1 3 -0.250002
1 4 0.0597123
1 5 0.0592247
1 6 0.058369
1 7 0.05717
1 8 0.0556609
1 9 0.0538811
1 10 0.0518737
1 11 0.0496835
1 12 0.0473548
1 13 0.0449306
1 14 0.0424511
1 15 0.0399532
1 16 0.0374709
1 17 0.0350342
1 18 0.03267
1 19 0.030402
1 20 0.028251
1 21 0.0262349
1 22 0.0243693
1 23 0.0226674
1 24 0.0211405
1 25 0.019798
1 26 0.0186476
1 27 0.0176952
1 28 0.0169456
1 29 0.0164021
1 30 0.0160666
1 31 0.0159399
1 32 -0
2 -32 0.0136087
2 -31 0.013932
2 -30 0.0144807
2 -29 0.0152507
2 -28 0.0162371
2 -27 0.0174334
2 -26 0.018832
2 -25 0.0204233
2 -24 0.0221964
2 -23 0.0241383
2 -22 0.0262343
2 -21 0.0284676
2 -20 0.0308191
2 -19 0.0332676
2 -18 0.0357892
2 -17 0.0383577
2 -16 0.0409441
2 -15 0.0435165
2 -14 0.0460403
2 -13 0.0484779
2 -12 0.0507892
2 -11 0.0529318
2 -10 0.0548622
2 -9 0.0565369
2 -8 0.0579143
2 -7 0.0589571
2 -6 0.059635
2 -5 0.0599268
2 -4 -0.250001
2 -3 -0.25
2 -2 -0.249999
2 -1 -0.249998
2 0 -0.249998
2 1 -0.25
2 2 -0.250002
2 3 -0.250003
2 4 0.0599456
2 5 0.0594468
2 6 0.0585696
2 7 0.0573411
2 8 0.0557972
2 9 0.0539805
2 10 0.0519365
2 11 0.0497123
2 12 0.0473537
2 13 0.0449044
2 14 0.0424048
2 15 0.039892
2 16 0.0373992
2 17 0.0349561
2 18 0.0325888
2 19 0.0303204
2 20 0.028171
2 21 0.026158
2 22 0.0242964
2 23 0.0225991
2 24 0.021077
2 25 0.0197391
2 26 0.0185929
2 27 0.0176443
2 28 0.0168978
2 29 0.0163565
2 30 0.0160225
2 31 0.0158963
2 32 -0
3 -32 0.0135372
3 -31 0.0138584
3 -30 0.0144033
3 -29 0.0151683
3 -28 0.0161484
3 -27 0.0173374
3 -26 0.0187277
3 -25 0.0203103
3 -24 0.0220746
3 -23 0.0240082
3 -22 0.0260969
3 -21 0.0283245
3 -20 0.0306731
3 -19 0.0331221
3 -18 0.035649
3 -17 0.0382286
3 -16 0.0408331
3 -15 0.0434317
3 -14 0.0459905
3 -13 0.0484723
3 -12 0.0508366
3 -11 0.0530398
3 -10 0.0550358
3 -9 0.0567774
3 -8 0.0582182
3 -7 0.0593156
3 -6 0.0600337
3 -5 0.0603473
3 -4 -0.250002
3 -3 -0.25
3 -2 -0.249997
3 -1 -0.249996
3 0 -0.249996
3 1 -0.249999
3 2 -0.250003
3 3 -0.250005
3 4 0.0603675
3 5 0.0598484
3 6 0.0589321
3 7 0.0576502
3 8 0.0560439
3 9 0.0541611
3 10 0.0520523
3 11 0.049768
3 12 0.0473566
3 13 0.044863
3 14 0.0423282
3 15 0.0397886
3 16 0.037277
3 17 0.0348217
3 18 0.0324479
3 19 0.0301776
3 20 0.0280296
3 21 0.0260205
3 22 0.0241645
3 23 0.0224738
3 24 0.0209586
3 25 0.0196276
3 26 0.0184878
3 27 0.0175448
3 28 0.0168028
3 29 0.016265
3 30 0.0159331
3 31 0.0158076
3 32 -0
4 -32 0.0134266
4 -31 0.0137448
4 -30 0.0142847
4 -29 0.0150428
4 -28 0.0160143
4 -27 0.0171933
4 -26 0.0185725
4 -25 0.0201433
4 -24 0.0218956
4 -23 0.0238177
4 -22 0.0258963
4 -21 0.0281163
4 -20 0.0304606
4 -19 0.0329105
4 -18 0.0354447
4 -17 0.0380399
4 -16 0.0406699
4 -15 0.0433057
4 -14 0.0459146
4 -13 0.0484604
4 -12 0.0509021
4 -11 0.0531946
4 -10 0.0552886
4 -9 0.0571312
4 -8 0.058669
4 -7 0.0598505
4 -6 0.0606312
4 -5 0.0609786
4 -4 -0.250006
4 -3 -0.250002
4 -2 -0.249995
4 -1 -0.249991
4 0 -0.249992
4 1 -0.249998
4 2 -0.250005
4 3 -0.25001
4 4 0.0610007
4 5 0.0604495
4 6 0.0594723
4 7 0.0581078
4 8 0.056406
4 9 0.0544232
4 10 0.0522174
4 11 0.0498443
4 12 0.0473558
4 13 0.0447983
4 14 0.042213
4 15 0.0396356
4 16 0.0370974
4 17 0.0346253
4 18 0.0322426
4 19 0.0299696
4 20 0.0278237
4 21 0.0258201
4 22 0.0239719
4 23 0.0222901
4 24 0.0207845
4 25 0.0194628
4 26 0.0183316
4 27 0.0173962
4 28 0.0166605
4 29 0.0161273
4 30 0.0157983
4 31 0.015674
4 32 -0
5 -32 0.0132768
5 -31 0.0135912
5 -30 0.0141247
5 -29 0.014874
5 -28 0.0158345
5 -27 0.0170005
5 -26 0.0183653
5 -25 0.0199207
5 -24 0.0216574
5 -23 0.0235643
5 -22 0.0256294
5 -21 0.0278386
5 -20 0.0301766
5 -19 0.0326262
5 -18 0.0351684
5 -17 0.0377821
5 -16 0.0404436
5 -15 0.0431264
5 -14 0.0458001
5 -13 0.0484298
5 -12 0.0509752
5 -11 0.0533896
5 -10 0.0556193
5 -9 0.0576046
5 -8 0.0592814
5 -7 0.0605854
5 -6 0.0614582
5 -5 0.0618558
5 -4 -0.250014
5 -3 -0.250005
5 -2 -0.249991
5 -1 -0.249982
5 0 -0.249983
5 1 -0.249995
5 2 -0.25001
5 3 -0.25002
5 4 0.0618804
5 5 0.0612812
5 6 0.0602139
5 7 0.0587287
5 8 0.0568895
5 9 0.0547654
5 10 0.0524249
5 11 0.0499308
5 12 0.0473391
5 13 0.0446976
5 14 0.0420472
5 15 0.039422
5 16 0.0368511
5 17 0.0343589
5 18 0.0319663
5 19 0.0296912
5 20 0.0275492
5 21 0.0255536
5 22 0.023716
5 23 0.0220463
5 24 0.0205532
5 25 0.0192438
5 26 0.0181239
5 27 0.0171983
5 28 0.0164707
5 29 0.0159435
5 30 0.0156182
5 31 0.0154953
5 32 -0
6 -32 0.0130879
6 -31 0.0133976
6 -30 0.0139233
6 -29 0.0146617
6 -28 0.0156085
6 -27 0.0167585
6 -26 0.0181053
6 -25 0.0196414
6 -24 0.021358
6 -23 0.0232453
6 -22 0.0252923
6 -21 0.0274865
6 -20 0.0298143
6 -19 0.0322609
6 -18 0.0348098
6 -17 0.0374428
6 -16 0.0401397
6 -15 0.0428774
6 -14 0.0456291
6 -13 0.0483629
6 -12 0.0510399
6 -11 0.0536127
6 -10 0.0560235
6 -9 0.0582036
6 -8 0.0600746
6 -7 0.0615531
6 -6 0.0625594
6 -5 0.0630301
6 -4 -0.250032
6 -3 -0.250012
6 -2 -0.249982
6 -1 -0.249963
6 0 -0.249964
6 1 -0.249987
6 2 -0.250019
6 3 -0.250041
6 4 0.0630578
6 5 0.062388
6 6 0.0611895
6 7 0.0595319
6 8 0.0575003
6 9 0.0551832
6 10 0.0526628
6 11 0.0500113
6 12 0.0472885
6 13 0.0445431
6 14 0.0418142
6 15 0.0391332
6 16 0.0365255
6 17 0.0340121
6 18 0.0316106
6 19 0.0293359
6 20 0.027201
6 21 0.0252171
6 22 0.023394
6 23 0.0217404
6 24 0.0202635
6 25 0.0189697
6 26 0.017864
6 27 0.0169508
6 28 0.0162333
6 29 0.0157136
6 30 0.0153929
6 31 0.0152718
6 32 -0
7 -32 0.0128602
7 -31 0.0131643
7 -30 0.0136806
7 -29 0.0144059
7 -28 0.0153363
7 -27 0.0164668
7 -26 0.0177916
7 -25 0.0193037
7 -24 0.0209953
7 -23 0.0228577
7 -22 0.0248809
7 -21 0.0270543
7 -20 0.0293665
7 -19 0.0318049
7 -18 0.0343565
7 -17 0.0370066
7 -16 0.0397396
7 -15 0.0425371
7 -14 0.0453776
7 -13 0.048234
7 -12 0.0510715
7 -11 0.0538439
7 -10 0.0564901
7 -9 0.0589315
7 -8 0.061071
7 -7 0.0627975
7 -6 0.0639978
7 -5 0.0645763
7 -4 -0.250071
7 -3 -0.250027
7 -2 -0.249965
7 -1 -0.249922
7 0 -0.249924
7 1 -0.249971
7 2 -0.250037
7 3 -0.250083
7 4 0.064608
7 5 0.0638331
7 6 0.0624431
7 7 0.0605398
7 8 0.0582419
7 9 0.0556653
7 10 0.0529111
7 11 0.0500611
7 12 0.0471785
7 13 0.0443105
7 14 0.0414924
7 15 0.0387506
7 16 0.0361053
7 17 0.0335726
7 18 0.0311658
7 19 0.0288961
7 20 0.0267734
7 21 0.0248065
7 22 0.0230031
7 23 0.0213702
7 24 0.019914
7 25 0.0186396
7 26 0.0175517
7 27 0.0166536
7 28 0.0159484
7 29 0.0154377
7 30 0.0151228
7 31 0.0150038
7 32 -0
8 -32 0.012594
8 -31 0.0128916
8 -30 0.0133969
8 -29 0.0141068
8 -28 0.0150178
8 -27 0.0161251
8 -26 0.0174235
8 -25 0.0189066
8 -24 0.0205675
8 -23 0.0223984
8 -22 0.0243909
8 -21 0.0265361
8 -20 0.0288249
8 -19 0.0312475
8 -18 0.0337945
8 -17 0.0364557
8 -16 0.0392208
8 -15 0.0420782
8 -14 0.0450136
8 -13 0.0480079
8 -12 0.0510338
8 -11 0.0540502
8 -10 0.0569964
8 -9 0.0597843
8 -8 0.0622943
8 -7 0.064376
8 -6 0.0658628
8 -5 0.0666039
8 -4 -0.250155
8 -3 -0.25006
8 -2 -0.249927
8 -1 -0.249836
8 0 -0.249839
8 1 -0.249937
8 2 -0.250074
8 3 -0.250172
8 4 0.0666404
8 5 0.0657058
8 6 0.064032
8 7 0.0617761
8 8 0.05911
8 9 0.0561888
8 10 0.0531365
8 11 0.0500437
8 12 0.0469735
8 13 0.0439679
8 14 0.0410545
8 15 0.0382517
8 16 0.0355725
8 17 0.0330263
8 18 0.0306211
8 19 0.0283638
8 20 0.0262605
8 21 0.0243175
8 22 0.0225402
8 23 0.0209339
8 24 0.0195034
8 25 0.0182531
8 26 0.0171865
8 27 0.0163068
8 28 0.0156163
8 29 0.0151165
8 30 0.0148084
8 31 0.0146921
8 32 -0
9 -32 0.0122901
9 -31 0.0125802
9 -30 0.0130728
9 -29 0.0137649
9 -28 0.0146532
9 -27 0.0157334
9 -26 0.0170006
9 -25 0.0184491
9 -24 0.0200728
9 -23 0.0218649
9 -22 0.0238184
9 -21 0.0259263
9 -20 0.0281815
9 -19 0.0305775
9 -18 0.0331086
9 -17 0.0357699
9 -16 0.0385574
9 -15 0.0414677
9 -14 0.0444966
9 -13 0.0476369
9 -12 0.050874
9 -11 0.0541792
9 -10 0.057499
9 -9 0.0607418
9 -8 0.0637635
9 -7 0.0663606
9 -6 0.0682819
9 -5 0.0692773
9 -4 -0.250335
9 -3 -0.25013
9 -2 -0.249849
9 -1 -0.249656
9 0 -0.24966
9 1 -0.249862
9 2 -0.25015
9 3 -0.250358
9 4 0.0693196
9 5 0.0681337
9 6 0.0660282
9 7 0.0632595
9 8 0.0600841
9 9 0.0567105
9 10 0.0532865
9 11 0.0499064
9 12 0.0466259
9 13 0.0434746
9 14 0.0404672
9 15 0.0376104
9 16 0.0349069
9 17 0.032358
9 18 0.0299654
9 19 0.0277307
9 20 0.0256567
9 21 0.0237462
9 22 0.0220028
9 23 0.0204299
9 24 0.0190311
9 25 0.0178098
9 26 0.0167689
9 27 0.0159108
9 28 0.0152376
9 29 0.0147507
9 30 0.0144506
9 31 0.0143374
9 32 -0
10 -32 0.0119494
10 -31 0.0122312
10 -30 0.0127093
10 -29 0.0133811
10 -28 0.0142434
10 -27 0.0152923
10 -26 0.0165232
10 -25 0.0179311
10 -24 0.0195104
10 -23 0.0212554
10 -22 0.0231604
10 -21 0.0252197
10 -20 0.0274288
10 -19 0.0297841
10 -18 0.0322836
10 -17 0.034928
10 -16 0.0377205
10 -15 0.0406672
10 -14 0.0437768
10 -13 0.0470586
10 -12 0.0505183
10 -11 0.0541498
10 -10 0.0579209
10 -9 0.0617506
10 -8 0.0654787
10 -7 0.068836
10 -6 0.0714387
10 -5 0.0728525
10 -4 -0.250718
10 -3 -0.250278
10 -2 -0.249682
10 -1 -0.249277
10 0 -0.249284
10 1 -0.249701
10 2 -0.250307
10 3 -0.250752
10 4 0.072902
10 5 0.0713007
10 6 0.0685164
10 7 0.06499
10 8 0.0611109
10 9 0.0571528
10 10 0.0532796
10 11 0.0495751
10 12 0.0460731
10 13 0.0427807
10 14 0.0396922
10 15 0.0367977
10 16 0.0340872
10 17 0.0315524
10 18 0.0291877
10 19 0.0269896
10 20 0.0249568
10 21 0.0230896
10 22 0.0213891
10 23 0.0198574
10 24 0.0184969
10 25 0.0173101
10 26 0.0162993
10 27 0.0154665
10 28 0.0148135
10 29 0.0143413
10 30 0.0140505
10 31 0.0139409
10 32 -0
11 -32 0.0115734
11 -31 0.0118457
11 -30 0.0123077
11 -29 0.0129567
11 -28 0.0137896
11 -27 0.0148029
11 -26 0.0159923
11 -25 0.0173531
11 -24 0.0188804
11 -23 0.0205693
11 -22 0.0224149
11 -21 0.0244131
11 -20 0.0265612
11 -19 0.0288581
11 -18 0.0313056
11 -17 0.0339096
11 -16 0.0366804
11 -15 0.0396349
11 -14 0.0427965
11 -13 0.0461956
11 -12 0.0498666
11 -11 0.0538409
11 -10 0.0581306
11 -9 0.0626958
11 -8 0.0673904
11 -7 0.071885
11 -6 0.0756002
11 -5 0.0777496
11 -4 -0.251542
11 -3 -0.250583
11 -2 -0.249324
11 -1 -0.248489
11 0 -0.248498
11 1 -0.249351
11 2 -0.250624
11 3 -0.251589
11 4 0.0778084
11 5 0.0754738
11 6 0.0715792
11 7 0.0669179
11 8 0.062075
11 9 0.0573841
11 10 0.052995
11 11 0.0489496
11 12 0.0452376
11 13 0.0418284
11 14 0.0386875
11 15 0.035784
11 16 0.0330928
11 17 0.0305955
11 18 0.0282788
11 19 0.0261345
11 20 0.0241576
11 21 0.0223457
11 22 0.0206984
11 23 0.0192165
11 24 0.0179014
11 25 0.0167549
11 26 0.015779
11 27 0.0149753
11 28 0.0143453
11 29 0.0138899
11 30 0.0136096
11 31 0.0135043
11 32 -0
12 -32 0.0111637
12 -31 0.0114257
12 -30 0.0118698
12 -29 0.0124934
12 -28 0.0132937
12 -27 0.014267
12 -26 0.0154095
12 -25 0.0167168
12 -24 0.0181842
12 -23 0.0198073
12 -22 0.0215819
12 -21 0.0235051
12 -20 0.0255752
12 -19 0.0277932
12 -18 0.0301639
12 -17 0.0326971
12 -16 0.03541
12 -15 0.0383293
12 -14 0.0414938
12 -13 0.0449577
12 -12 0.0487917
12 -11 0.0530816
12 -10 0.0579159
12 -9 0.0633511
12 -8 0.069332
12 -7 0.0755365
12 -6 0.0811467
12 -5 0.084706
12 -4 -0.253324
12 -3 -0.251189
12 -2 -0.248543
12 -1 -0.246856
12 0 -0.246869
12 1 -0.248581
12 2 -0.251247
12 3 -0.253391
12 4 0.0847769
12 5 0.0810337
12 6 0.0752453
12 7 0.0688762
12 8 0.0627497
12 9 0.057192
12 10 0.0522611
12 11 0.0479025
12 12 0.044029
12 13 0.0405557
12 14 0.0374116
12 15 0.0345419
12 16 0.0319064
12 17 0.0294764
12 18 0.0272325
12 19 0.0251621
12 20 0.0232575
12 21 0.0215146
12 22 0.0199316
12 23 0.0185085
12 24 0.0172462
12 25 0.0161462
12 26 0.0152099
12 27 0.0144391
12 28 0.013835
12 29 0.0133985
12 30 0.0131301
12 31 0.0130295
12 32 -0
13 -32 0.0107225
13 -31 0.0109733
13 -30 0.0113978
13 -29 0.0119936
13 -28 0.0127579
13 -27 0.0136872
13 -26 0.0147776
13 -25 0.0160248
13 -24 0.0174243
13 -23 0.018972
13 -22 0.0206639
13 -21 0.0224973
13 -20 0.0244712
13 -19 0.0265877
13 -18 0.028853
13 -17 0.0312796
13 -16 0.033889
13 -15 0.0367154
13 -14 0.0398105
13 -13 0.0432509
13 -12 0.0471461
13 -11 0.051648
13 -10 0.0569567
13 -9 0.0633054
13 -8 0.0708849
13 -7 0.0796097
13 -6 0.0885669
13 -5 0.0951327
13 -4 -0.25724
13 -3 -0.252307
13 -2 -0.246804
13 -1 -0.243525
13 0 -0.243543
13 1 -0.246857
13 2 -0.252388
13 3 -0.257337
13 4 0.0952202
13 5 0.088469
13 6 0.0793333
13 7 0.0704455
13 8 0.0627236
13 9 0.0562559
13 10 0.0508539
13 11 0.046286
13 12 0.0423534
13 13 0.0389044
13 14 0.0358293
13 15 0.0330511
13 16 0.0305166
13 17 0.0281898
13 18 0.0260469
13 19 0.0240728
13 20 0.0222583
13 21 0.0205986
13 22 0.0190914
13 23 0.0177363
13 24 0.0165343
13 25 0.0154866
13 26 0.0145948
13 27 0.0138606
13 28 0.0132851
13 29 0.0128695
13 30 0.0126141
13 31 0.0125189
13 32 -0
14 -32 0.0102522
14 -31 0.010491
14 -30 0.0108944
14 -29 0.0114602
14 -28 0.0121855
14 -27 0.0130668
14 -26 0.0141001
14 -25 0.0152811
14 -24 0.0166053
14 -23 0.0180681
14 -22 0.0196656
14 -21 0.0213946
14 -20 0.0232541
14 -19 0.0252456
14 -18 0.0273752
14 -17 0.0296556
14 -16 0.0321092
14 -15 0.0347728
14 -14 0.0377049
14 -13 0.0409955
14 -12 0.0447839
14 -11 0.0492835
14 -10 0.0548201
14 -9 0.0618797
14 -8 0.0711328
14 -7 0.0832822
14 -6 0.0982036
14 -5 0.112036
14 -4 -0.266086
14 -3 -0.253994
14 -2 -0.242843
14 -1 -0.236901
14 0 -0.236925
14 1 -0.242915
14 2 -0.254108
14 3 -0.266226
14 4 0.112149
14 5 0.0981226
14 6 0.0830193
14 7 0.0707083
14 8 0.0613166
14 9 0.0541424
14 10 0.0485166
14 11 0.0439544
14 12 0.0401307
14 13 0.0368324
14 14 0.0339203
14 15 0.0313034
14 16 0.028922
14 17 0.0267377
14 18 0.0247258
14 19 0.0228711
14 20 0.0211649
14 21 0.0196025
14 22 0.0181822
14 23 0.0169042
14 24 0.0157695
14 25 0.0147799
14 26 0.013937
14 27 0.0132428
14 28 0.0126987
14 29 0.0123058
14 30 0.0120646
14 31 0.0119752
14 32 -0
15 -32 0.00975577
15 -31 0.00998165
15 -30 0.0103627
15 -29 0.0108964
15 -28 0.01158
15 -27 0.0124098
15 -26 0.0133817
15 -25 0.014491
15 -24 0.0157329
15 -23 0.0171024
15 -22 0.0185947
15 -21 0.0202059
15 -20 0.0219335
15 -19 0.0237776
15 -18 0.0257419
15 -17 0.0278364
15 -16 0.0300801
15 -15 0.0325058
15 -14 0.0351677
15 -13 0.0381537
15 -12 0.0416069
15 -11 0.0457643
15 -10 0.05103
15 -9 0.0581183
15 -8 0.0683312
15 -7 0.0840195
15 -6 0.108756
15 -5 0.142682
15 -4 -0.287015
15 -3 -0.254743
15 -2 -0.233681
15 -1 -0.224318
15 0 -0.224348
15 1 -0.233772
15 2 -0.254898
15 3 -0.287225
15 4 0.142837
15 5 0.108691
15 6 0.0837654
15 7 0.0679182
15 8 0.0575722
15 9 0.0503751
15 10 0.0450253
15 11 0.040809
15 12 0.037323
15 13 0.0343306
15 14 0.0316885
15 15 0.0293081
15 16 0.027134
15 17 0.0251317
15 18 0.0232801
15 19 0.021567
15 20 0.0199859
15 21 0.018534
15 22 0.0172111
15 23 0.0160182
15 24 0.0149573
15 25 0.0140307
15 26 0.0132408
15 27 0.0125897
15 28 0.0120792
15 29 0.0117106
15 30 0.0114846
15 31 0.0114014
15 32 -0
16 -32 0.00923618
16 -31 0.00944859
16 -30 0.00980603
16 -29 0.0103061
16 -28 0.0109457
16 -27 0.011721
16 -26 0.0126277
16 -25 0.0136607
16 -24 0.0148146
16 -23 0.0160835
16 -22 0.0174617
16 -21 0.0189435
16 -20 0.0205245
16 -19 0.0222017
16 -18 0.0239748
16 -17 0.0258482
16 -16 0.0278328
16 -15 0.0299502
16 -14 0.0322383
16 -13 0.0347615
16 -12 0.0376284
16 -11 0.0410265
16 -10 0.0452948
16 -9 0.0510986
16 -8 0.0599097
16 -7 0.0755521
16 -6 0.109949
16 -5 0.207154
16 -4 -0.340192
16 -3 -0.24429
16 -2 -0.212831
16 -1 -0.202357
16 0 -0.202389
16 1 -0.212932
16 2 -0.244478
16 3 -0.340531
16 4 0.207394
16 5 0.109884
16 6 0.0752948
16 7 0.0595023
16 8 0.0505672
16 9 0.0446622
16 10 0.0403158
16 11 0.0368633
16 12 0.0339665
16 13 0.0314383
16 14 0.0291699
16 15 0.0270963
16 16 0.0251784
16 17 0.0233932
16 18 0.0217276
16 19 0.0201752
16 20 0.0187338
16 21 0.0174036
16 22 0.0161866
16 23 0.0150856
16 24 0.0141039
16 25 0.0132447
16 26 0.0125111
16 27 0.0119056
16 28 0.0114306
16 29 0.0110877
16 30 0.0108777
16 31 0.010801
16 32 -0
17 -32 0.0086968
17 -31 0.00889523
17 -30 0.00922818
17 -29 0.00969319
17 -28 0.010287
17 -27 0.0110057
17 -26 0.0118444
17 -25 0.0127976
17 -24 0.0138591
17 -23 0.015022
17 -22 0.0162792
17 -21 0.0176231
17 -20 0.0190464
17 -19 0.0205422
17 -18 0.0221049
17 -17 0.0237308
17 -16 0.0254194
17 -15 0.0271754
17 -14 0.0290107
17 -13 0.0309484
17 -12 0.0330285
17 -11 0.035316
17 -10 0.0379108
17 -9 0.0409485
17 -8 0.0445243
17 -7 0.0481872
17 -6 0.0481699
17 -5 0.0228543
17 -4 -0.143362
17 -3 -0.169418
17 -2 -0.171024
17 -1 -0.169914
17 0 -0.169941
17 1 -0.171104
17 2 -0.169546
17 3 -0.143509
17 4 0.0228177
17 5 0.0480223
17 6 0.0479043
17 7 0.0441153
17 8 0.0404294
17 9 0.0373003
17 10 0.0346343
17 11 0.0322974
17 12 0.0301906
17 13 0.0282493
17 14 0.0264337
17 15 0.0247199
17 16 0.023095
17 17 0.021553
17 18 0.0200926
17 19 0.0187151
17 20 0.0174241
17 21 0.0162238
17 22 0.0151192
17 23 0.0141153
17 24 0.0132167
17 25 0.012428
17 26 0.0117531
17 27 0.0111953
17 28 0.0107572
17 29 0.0104408
17 30 0.0102475
17 31 0.0101776
17 32 -0
18 -32 0.00814106
18 -31 0.00832512
18 -30 0.00863295
18 -29 0.00906201
18 -28 0.00960891
18 -27 0.0102694
18 -26 0.0110382
18 -25 0.0119094
18 -24 0.0128758
18 -23 0.0139295
18 -22 0.0150617
18 -21 0.0162627
18 -20 0.017522
18 -19 0.0188284
18 -18 0.0201701
18 -17 0.0215345
18 -16 0.0229084
18 -15 0.0242769
18 -14 0.0256225
18 -13 0.0269218
18 -12 0.0281381
18 -11 0.0292043
18 -10 0.0299807
18 -9 0.0301491
18 -8 0.0289354
18 -7 0.0243838
18 -6 0.0115776
18 -5 -0.0206147
18 -4 -0.086741
18 -3 -0.119039
18 -2 -0.13197
18 -1 -0.136371
18 0 -0.136393
18 1 -0.132035
18 2 -0.119141
18 3 -0.0868642
18 4 -0.020745
18 5 0.0113721
18 6 0.0240762
18 7 0.0285236
18 8 0.0296421
18 9 0.0293926
18 10 0.0285526
18 11 0.0274423
18 12 0.0262026
18 13 0.0249014
18 14 0.0235753
18 15 0.0222474
18 16 0.0209342
18 17 0.0196493
18 18 0.0184041
18 19 0.0172094
18 20 0.0160748
18 21 0.0150092
18 22 0.0140207
18 23 0.0131167
18 24 0.0123037
18 25 0.0115874
18 26 0.0109727
18 27 0.0104636
18 28 0.0100633
18 29 0.00977417
18 30 0.00959776
18 31 0.00953474
18 32 -0
19 -32 0.0075724
19 -31 0.00774185
19 -30 0.0080242
19 -29 0.00841684
19 -28 0.00891622
19 -27 0.00951782
19 -26 0.0102161
19 -25 0.0110043
19 -24 0.0118747
19 -23 0.0128182
19 -22 0.0138244
19 -21 0.0148814
19 -20 0.0159756
19 -19 0.0170917
19 -18 0.0182118
19 -17 0.0193149
19 -16 0.0203753
19 -15 0.0213608
19 -14 0.0222276
19 -13 0.0229133
19 -12 0.0233222
19 -11 0.0232971
19 -10 0.0225654
19 -9 0.0206327
19 -8 0.0165816
19 -7 0.00873341
19 -6 -0.00572184
19 -5 -0.030225
19 -4 -0.0640099
19 -3 -0.08808
19 -2 -0.101494
19 -1 -0.107254
19 0 -0.107274
19 1 -0.101555
19 2 -0.0881775
19 3 -0.064142
19 4 -0.0303973
19 5 -0.00596149
19 6 0.00840977
19 7 0.0161704
19 8 0.0201393
19 9 0.0220011
19 10 0.0226768
19 11 0.0226632
19 12 0.0222344
19 13 0.0215483
19 14 0.0207009
19 15 0.0197543
19 16 0.0187513
19 17 0.0177231
19 18 0.0166938
19 19 0.0156825
19 20 0.0147051
19 21 0.0137749
19 22 0.0129032
19 23 0.0120999
19 24 0.011373
19 25 0.0107297
19 26 0.0101756
19 27 0.00971564
19 28 0.00935344
19 29 0.00909176
19 30 0.0089324
19 31 0.00887626
19 32 -0
20 -32 0.00699415
20 -31 0.00714889
20 -30 0.00740569
20 -29 0.00776187
20 -28 0.00821377
20 -27 0.00875663
20 -26 0.00938456
20 -25 0.0100904
20 -24 0.0108657
20 -23 0.0117002
20 -22 0.0125823
20 -21 0.0134981
20 -20 0.0144315
20 -19 0.0153633
20 -18 0.0162707
20 -17 0.0171256
20 -16 0.0178929
20 -15 0.0185268
20 -14 0.0189658
20 -13 0.019123
20 -12 0.0188717
20 -11 0.0180194
20 -10 0.016267
20 -9 0.0131458
20 -8 0.0079341
20 -7 -0.000399607
20 -6 -0.0130575
20 -5 -0.0306282
20 -4 -0.0510592
20 -3 -0.0678362
20 -2 -0.0787294
20 -1 -0.0839295
20 0 -0.0839498
20 1 -0.0787902
20 2 -0.0679376
20 3 -0.0512034
20 4 -0.0308224
20 5 -0.0133151
20 6 -0.000730048
20 7 0.00752852
20 8 0.0126693
20 9 0.015729
20 10 0.0174325
20 11 0.0182513
20 12 0.0184861
20 13 0.0183299
20 14 0.0179101
20 15 0.0173132
20 16 0.0166
20 17 0.0158152
20 18 0.0149925
20 19 0.0141584
20 20 0.0133338
20 21 0.0125359
20 22 0.011779
20 23 0.0110746
20 24 0.0104328
20 25 0.00986162
20 26 0.0093677
20 27 0.00895644
20 28 0.00863203
20 29 0.00839756
20 30 0.0082551
20 31 0.00820571
20 32 -0
21 -32 0.00640942
21 -31 0.0065495
21 -30 0.00678093
21 -29 0.00710103
21 -28 0.00750604
21 -27 0.00799107
21 -26 0.00854998
21 -25 0.00917524
21 -24 0.00985781
21 -23 0.0105869
21 -22 0.0113495
21 -21 0.0121306
21 -20 0.0129118
21 -19 0.0136714
21 -18 0.0143829
21 -17 0.0150135
21 -16 0.015522
21 -15 0.0158552
21 -14 0.0159426
21 -13 0.0156885
21 -12 0.0149605
21 -11 0.0135724
21 -10 0.0112624
21 -9 0.00766985
21 -8 0.0023272
21 -7 -0.00528919
21 -6 -0.0155579
21 -5 -0.0282432
21 -4 -0.0418291
21 -3 -0.0535385
21 -2 -0.061717
21 -1 -0.0658435
21 0 -0.0658643
21 1 -0.0617798
21 2 -0.0536446
21 3 -0.0419817
21 4 -0.0284479
21 5 -0.0158221
21 6 -0.00561808
21 7 0.00193297
21 8 0.00721426
21 9 0.0107535
21 10 0.0130214
21 11 0.0143809
21 12 0.0150953
21 13 0.0153518
21 14 0.0152833
21 15 0.014985
21 16 0.014527
21 17 0.0139615
21 18 0.0133285
21 19 0.0126592
21 20 0.0119785
21 21 0.0113064
21 22 0.0106591
21 23 0.0100503
21 24 0.00949074
21 25 0.00898964
21 26 0.0085543
21 27 0.00819063
21 28 0.00790317
21 29 0.00769532
21 30 0.00756933
21 31 0.00752645
21 32 -0
22 -32 0.00582101
22 -31 0.00594658
22 -30 0.00615308
22 -29 0.00643784
22 -28 0.00679708
22 -27 0.00722584
22 -26 0.00771788
22 -25 0.00826548
22 -24 0.00885928
22 -23 0.00948801
22 -22 0.0101382
22 -21 0.0107936
22 -20 0.0114351
22 -19 0.0120391
22 -18 0.0125773
22 -17 0.0130147
22 -16 0.0133075
22 -15 0.0134005
22 -14 0.0132224
22 -13 0.0126807
22 -12 0.0116543
22 -11 0.00998545
22 -10 0.00747294
22 -9 0.00387289
22 -8 -0.00107911
22 -7 -0.00759974
22 -6 -0.0157131
22 -5 -0.0250261
22 -4 -0.0345408
22 -3 -0.042834
22 -2 -0.048817
22 -1 -0.0519224
22 0 -0.0519436
22 1 -0.0488812
22 2 -0.0429426
22 3 -0.0346966
22 4 -0.0252331
22 5 -0.0159754
22 6 -0.00791979
22 7 -0.00145635
22 8 0.00344244
22 9 0.00699651
22 10 0.0094729
22 11 0.0111176
22 12 0.0121332
22 13 0.0126785
22 14 0.0128748
22 15 0.0128145
22 16 0.0125684
22 17 0.012191
22 18 0.0117249
22 19 0.0112036
22 20 0.0106542
22 21 0.0100984
22 22 0.00955377
22 23 0.00903488
22 24 0.00855353
22 25 0.00811939
22 26 0.00774026
22 27 0.00742238
22 28 0.00717056
22 29 0.00698838
22 30 0.00687826
22 31 0.00684154
22 32 -0
23 -32 0.00523128
23 -31 0.00534261
23 -30 0.00552481
23 -29 0.00577526
23 -28 0.00609026
23 -27 0.0064649
23 -26 0.00689294
23 -25 0.00736669
23 -24 0.00787674
23 -23 0.00841172
23 -22 0.008958
23 -21 0.00949918
23 -20 0.0100156
23 -19 0.0104836
23 -18 0.0108743
23 -17 0.0111529
23 -16 0.0112764
23 -15 0.0111914
23 -14 0.0108319
23 -13 0.0101157
23 -12 0.00894157
23 -11 0.0071871
23 -10 0.00471109
23 -9 0.00136432
23 -8 -0.00298245
23 -7 -0.00838389
23 -6 -0.0147344
23 -5 -0.0216714
23 -4 -0.0285361
23 -3 -0.0345001
23 -2 -0.0388536
23 -1 -0.0411438
23 0 -0.041165
23 1 -0.0389176
23 2 -0.034608
23 3 -0.0286901
23 4 -0.021874
23 5 -0.0149877
23 6 -0.00868872
23 7 -0.00333736
23 8 0.00096336
23 9 0.00427063
23 10 0.00671591
23 11 0.00845019
23 12 0.00961602
23 13 0.0103365
23 14 0.0107133
23 15 0.0108286
23 16 0.010748
23 17 0.010524
23 18 0.0101987
23 19 0.00980579
23 20 0.00937269
23 21 0.00892166
23 22 0.00847087
23 23 0.0080352
23 24 0.00762681
23 25 0.00725563
23 26 0.00692965
23 27 0.00665525
23 28 0.00643735
23 29 0.00627963
23 30 0.00618457
23 31 0.0061536
23 32 -0
24 -32 0.00464213
24 -31 0.00473957
24 -30 0.00489825
24 -29 0.00511567
24 -28 0.00538827
24 -27 0.0057113
24 -26 0.00607873
24 -25 0.00648306
24 -24 0.00691513
24 -23 0.00736386
24 -22 0.0078159
24 -21 0.00825524
24 -20 0.00866274
24 -19 0.0090154
24 -18 0.00928565
24 -17 0.00944028
24 -16 0.00943929
24 -15 0.00923454
24 -14 0.00876826
24 -13 0.00797195
24 -12 0.00676605
24 -11 0.00506176
24 -10 0.00276699
24 -9 -0.000200598
24 -8 -0.0038897
24 -7 -0.00827859
24 -6 -0.0132291
24 -5 -0.018448
24 -4 -0.0234901
24 -3 -0.0278335
24 -2 -0.0310097
24 -1 -0.0326898
24 0 -0.0327103
24 1 -0.0310716
24 2 -0.0279376
24 3 -0.0236377
24 4 -0.0186406
24 5 -0.0134675
24 6 -0.00856263
24 7 -0.00421736
24 8 -0.000567926
24 9 0.00236595
24 10 0.00463479
24 11 0.00632241
24 12 0.00752202
24 13 0.00832313
24 14 0.00880564
24 15 0.00903803
24 16 0.00907769
24 17 0.00897215
24 18 0.00876055
24 19 0.00847502
24 20 0.00814198
24 21 0.00778314
24 22 0.00741633
24 23 0.00705624
24 24 0.00671487
24 25 0.00640204
24 26 0.00612567
24 27 0.00589205
24 28 0.00570609
24 29 0.0055714
24 30 0.00549048
24 31 0.00546476
24 32 -0
25 -32 0.00405492
25 -31 0.00413885
25 -30 0.00427489
25 -29 0.0044607
25 -28 0.00469294
25 -27 0.00496714
25 -26 0.00527763
25 -25 0.00561734
25 -24 0.00597761
25 -23 0.00634798
25 -22 0.00671585
25 -21 0.00706619
25 -20 0.00738103
25 -19 0.00763902
25 -18 0.00781476
25 -17 0.00787819
25 -16 0.00779382
25 -15 0.00752008
25 -14 0.00700888
25 -13 0.00620581
25 -12 0.0050514
25 -11 0.00348455
25 -10 0.00144933
25 -9 -0.00109349
25 -8 -0.00414884
25 -7 -0.00766469
25 -6 -0.0115087
25 -5 -0.015455
25 -4 -0.0191957
25 -3 -0.0223866
25 -2 -0.0247137
25 -1 -0.0259466
25 0 -0.0259658
25 1 -0.0247717
25 2 -0.0224839
25 3 -0.019333
25 4 -0.0156329
25 5 -0.0117273
25 6 -0.00792309
25 7 -0.00444485
25 8 -0.00142332
25 9 0.00109102
25 10 0.00310459
25 11 0.00465782
25 12 0.00580761
25 13 0.00661566
25 14 0.00714171
25 15 0.00744019
25 16 0.00755889
25 17 0.00753882
25 18 0.00741475
25 19 0.00721583
25 20 0.00696642
25 21 0.0066868
25 22 0.00639375
25 23 0.00610118
25 24 0.00582052
25 25 0.00556112
25 26 0.00533053
25 27 0.0051348
25 28 0.00497859
25 29 0.00486539
25 30 0.0047976
25 31 0.00477662
25 32 -0
26 -32 0.00347043
26 -31 0.0035413
26 -30 0.00365562
26 -29 0.0038113
26 -28 0.00400528
26 -27 0.00423352
26 -26 0.00449083
26 -25 0.00477077
26 -24 0.00506545
26 -23 0.00536534
26 -22 0.00565899
26 -21 0.00593278
26 -20 0.00617055
26 -19 0.0063532
26 -18 0.00645834
26 -17 0.00645984
26 -16 0.00632747
26 -15 0.00602681
26 -14 0.00551941
26 -13 0.0047637
26 -12 0.00371703
26 -11 0.00233934
26 -10 0.000599316
26 -9 -0.0015166
26 -8 -0.00399232
26 -7 -0.00676885
26 -6 -0.00973308
26 -5 -0.0127148
26 -4 -0.0154983
26 -3 -0.0178504
26 -2 -0.0195584
26 -1 -0.0204631
26 0 -0.0204806
26 1 -0.0196108
26 2 -0.0179382
26 3 -0.0156217
26 4 -0.0128739
26 5 -0.00992755
26 6 -0.00699746
26 7 -0.00425282
26 8 -0.00180549
26 9 0.00028673
26 10 0.00200894
26 11 0.00337569
26 12 0.00441906
26 13 0.0051796
26 14 0.00570024
26 15 0.00602253
26 16 0.00618467
26 17 0.00622065
26 18 0.00616005
26 19 0.00602824
26 20 0.00584676
26 21 0.00563376
26 22 0.00540441
26 23 0.00517137
26 24 0.00494508
26 25 0.00473412
26 26 0.00454545
26 27 0.00438462
26 28 0.00425595
26 29 0.00416266
26 30 0.00410697
26 31 0.0040902
26 32 -0
27 -32 0.0028889
27 -31 0.00294712
27 -30 0.00304065
27 -29 0.00316765
27 -28 0.00332546
27 -27 0.00351052
27 -26 0.0037183
27 -25 0.00394316
27 -24 0.00417819
27 -23 0.00441506
27 -22 0.0046438
27 -21 0.00485258
27 -20 0.00502746
27 -19 0.00515211
27 -18 0.00520758
27 -17 0.00517209
27 -16 0.00502096
27 -15 0.00472676
27 -14 0.00425988
27 -13 0.0035897
27 -12 0.00268671
27 -11 0.00152588
27 -10 9.15548e-05
27 -9 -0.00161602
27 -8 -0.00357304
27 -7 -0.00572468
27 -6 -0.00798013
27 -5 -0.0102135
27 -4 -0.012273
27 -3 -0.0139989
27 -2 -0.0152466
27 -1 -0.0159071
27 0 -0.0159223
27 1 -0.0152922
27 2 -0.0140751
27 3 -0.0123797
27 4 -0.0103506
27 5 -0.00814702
27 6 -0.00592003
27 7 -0.00379473
27 8 -0.001861
27 9 -0.000172685
27 10 0.00124731
27 11 0.00239952
27 12 0.00330022
27 13 0.00397484
27 14 0.00445311
27 15 0.00476562
27 16 0.00494181
27 17 0.00500872
27 18 0.00499053
27 19 0.00490838
27 20 0.00478053
27 21 0.00462251
27 22 0.00444745
27 23 0.00426638
27 24 0.00408843
27 25 0.00392115
27 26 0.00377065
27 27 0.00364185
27 28 0.00353855
27 29 0.00346363
27 30 0.00341904
27 31 0.00340598
27 32 -0
28 -32 0.00231003
28 -31 0.00235602
28 -30 0.00242961
28 -29 0.00252929
28 -28 0.00265285
28 -27 0.00279732
28 -26 0.00295893
28 -25 0.00313299
28 -24 0.00331376
28 -23 0.00349432
28 -22 0.00366645
28 -21 0.00382038
28 -20 0.00394471
28 -19 0.00402617
28 -18 0.0040495
28 -17 0.00399744
28 -16 0.00385073
28 -15 0.00358847
28 -14 0.00318878
28 -13 0.00262994
28 -12 0.00189232
28 -11 0.00096102
28 -10 -0.000170399
28 -9 -0.00149552
28 -8 -0.00299031
28 -7 -0.00460906
28 -6 -0.00628248
28 -5 -0.00791967
28 -4 -0.00941499
28 -3 -0.0106596
28 -2 -0.0115558
28 -1 -0.0120298
28 0 -0.0120423
28 1 -0.0115934
28 2 -0.0107224
28 3 -0.00950281
28 4 -0.00803218
28 5 -0.00641898
28 6 -0.00476834
28 7 -0.00317053
28 8 -0.00169413
28 9 -0.000384111
28 10 0.000736173
28 11 0.0016609
28 12 0.00239699
28 13 0.00295964
28 14 0.00336866
28 15 0.00364575
28 16 0.00381265
28 17 0.00388996
28 18 0.00389654
28 19 0.00384916
28 20 0.0037625
28 21 0.00364922
28 22 0.00352008
28 23 0.00338419
28 24 0.00324912
28 25 0.00312116
28 26 0.00300541
28 27 0.00290599
28 28 0.00282609
28 29 0.0027681
28 30 0.0027337
28 31 0.00272387
28 32 -0
29 -32 0.00173304
29 -31 0.00176715
29 -30 0.00182158
29 -29 0.00189514
29 -28 0.00198613
29 -27 0.00209226
29 -26 0.00221061
29 -25 0.00233757
29 -24 0.0024687
29 -23 0.00259868
29 -22 0.00272119
29 -21 0.00282877
29 -20 0.00291272
29 -19 0.00296301
29 -18 0.0029682
29 -17 0.00291549
29 -16 0.00279081
29 -15 0.00257918
29 -14 0.00226532
29 -13 0.00183463
29 -12 0.00127462
29 -11 0.000576988
29 -10 -0.00025995
29 -9 -0.00122832
29 -8 -0.00230791
29 -7 -0.00346404
29 -6 -0.00464704
29 -5 -0.00579415
29 -4 -0.00683431
29 -3 -0.00769554
29 -2 -0.00831361
29 -1 -0.00864034
29 0 -0.00864999
29 1 -0.00834252
29 2 -0.00774366
29 3 -0.00690149
29 4 -0.00588004
29 5 -0.00475102
29 6 -0.00358511
29 7 -0.00244461
29 8 -0.00137867
29 9 -0.000421443
29 10 0.000407333
29 11 0.00110023
29 12 0.00165924
29 13 0.00209295
29 14 0.00241392
29 15 0.00263676
29 16 0.00277665
29 17 0.00284835
29 18 0.00286562
29 19 0.00284091
29 20 0.00278522
29 21 0.00270813
29 22 0.00261787
29 23 0.00252139
29 24 0.00242454
29 25 0.00233216
29 26 0.00224821
29 27 0.00217587
29 28 0.00211763
29 29 0.00207534
29 30 0.00205032
29 31 0.00204334
29 32 -0
30 -32 0.00115674
30 -31 0.00117929
30 -30 0.00121517
30 -29 0.00126359
30 -28 0.00132338
30 -27 0.00139299
30 -26 0.00147044
30 -25 0.00155326
30 -24 0.00163844
30 -23 0.00172236
30 -22 0.00180075
30 -21 0.00186857
30 -20 0.00191998
30 -19 0.00194824
30 -18 0.00194577
30 -17 0.0019041
30 -16 0.00181409
30 -15 0.0016661
30 -14 0.0014505
30 -13 0.00115837
30 -12 0.00078246
30 -11 0.000318488
30 -10 -0.000233273
30 -9 -0.000866319
30 -8 -0.00156635
30 -7 -0.00231027
30 -6 -0.00306612
30 -5 -0.00379454
30 -4 -0.00445173
30 -3 -0.00499383
30 -2 -0.00538196
30 -1 -0.00558705
30 0 -0.00559357
30 1 -0.0054015
30 2 -0.00502634
30 3 -0.00449706
30 4 -0.00385243
30 5 -0.0031361
30 6 -0.00239163
30 7 -0.00165809
30 8 -0.000967076
30 9 -0.000341378
30 10 0.000205032
30 11 0.000665927
30 12 0.00104126
30 13 0.00133545
30 14 0.00155583
30 15 0.00171133
30 16 0.0018115
30 17 0.00186583
30 18 0.00188327
30 19 0.00187205
30 20 0.00183948
30 21 0.00179197
30 22 0.00173506
30 23 0.00167345
30 24 0.00161111
30 25 0.00155133
30 26 0.0014968
30 27 0.0014497
30 28 0.00141173
30 29 0.00138416
30 30 0.00136787
30 31 0.0013634
30 32 -0
31 -32 0.000579636
31 -31 0.000590834
31 -30 0.000608634
31 -29 0.000632629
31 -28 0.000662231
31 -27 0.000696652
31 -26 0.000734888
31 -25 0.000775689
31 -24 0.000817536
31 -23 0.000858605
31 -22 0.000896734
31 -21 0.000929388
31 -20 0.000953631
31 -19 0.000966099
31 -18 0.000963001
31 -17 0.000940147
31 -16 0.000893023
31 -15 0.000816931
31 -14 0.000707235
31 -13 0.000559712
31 -12 0.000371051
31 -11 0.000139485
31 -10 -0.000134463
31 -9 -0.000447197
31 -8 -0.000791366
31 -7 -0.00115545
31 -6 -0.00152385
31 -5 -0.00187758
31 -4 -0.00219578
31 -3 -0.00245766
31 -2 -0.00264489
31 -1 -0.0027438
31 0 -0.00274708
31 1 -0.00265473
31 2 -0.00247401
31 3 -0.00221856
31 4 -0.00190666
31 5 -0.00155896
31 6 -0.00119625
31 7 -0.000837325
31 8 -0.000497642
31 9 -0.000188553
31 10 8.27468e-05
31 11 0.000312799
31 12 0.000501188
31 13 0.000649755
31 14 0.00076185
31 15 0.000841696
31 16 0.000893892
31 17 0.000923066
31 18 0.000933635
31 19 0.000929671
31 20 0.000914824
31 21 0.000892306
31 22 0.000864897
31 23 0.00083497
31 24 0.000804525
31 25 0.000775226
31 26 0.000748439
31 27 0.000725263
31 28 0.00070656
31 29 0.000692975
31 30 0.00068496
31 31 0.000682787
31 32 -0
