1 3 2 0.333333
2 2 2.47192 0.235959
3 2.47192 3.0549 0.235844
4 3.0549 3.5612 0.165733
5 3.5612 3.99743 0.122494
6 3.99743 4.37572 0.0946341
7 4.37572 4.70517 0.0752892
8 4.70517 4.99286 0.0611444
9 4.99286 5.24509 0.0505173
10 5.24509 5.46764 0.0424309
11 5.46764 5.66575 0.0362325
12 5.66575 5.84393 0.0314486
13 5.84393 6.00595 0.027725
14 6.00595 6.15487 0.0247956
15 6.15487 6.29312 0.0224615
16 6.29312 6.4226 0.0205748
17 6.4226 6.5448 0.0190263
18 6.5448 6.66087 0.017735
19 6.66087 6.77171 0.0166413
20 6.77171 6.87804 0.0157009
21 6.87804 6.98039 0.0148811
22 6.98039 7.07921 0.0141573
23 7.07921 7.17486 0.013511
24 7.17486 7.26762 0.0129282
25 7.26762 7.35772 0.0123981
26 7.35772 7.44537 0.0119125
27 7.44537 7.53073 0.0114648
28 7.53073 7.61395 0.0110499
29 7.61395 7.69514 0.0106636
30 7.69514 7.77442 0.0103027
31 7.77442 7.85188 0.0099642
32 7.85188 7.92762 0.00964598
33 7.92762 8.00172 0.00934603
34 8.00172 8.07423 0.00906272
35 8.07423 8.14524 0.0087946
36 8.14524 8.21481 0.00854044
37 8.21481 8.28298 0.00829914
38 8.28298 8.34982 0.00806973
39 8.34982 8.41538 0.00785136
40 8.41538 8.4797 0.00764325
41 8.4797 8.54283 0.00744471
42 8.54283 8.60481 0.00725509
43 8.60481 8.66568 0.00707384
44 8.66568 8.72548 0.00690042
45 8.72548 8.78424 0.00673435
46 8.78424 8.84199 0.00657519
47 8.84199 8.89878 0.00642254
48 8.89878 8.95463 0.00627602
49 8.95463 9.00957 0.00613527
50 9.00957 9.06363 0.00599999
51 9.06363 9.11683 0.00586987
52 9.11683 9.1692 0.00574463
53 9.1692 9.22077 0.00562402
54 9.22077 9.27156 0.00550779
55 9.27156 9.32158 0.00539573
56 9.32158 9.37087 0.00528761
57 9.37087 9.41944 0.00518324
58 9.41944 9.46732 0.00508245
59 9.46732 9.51451 0.00498505
60 9.51451 9.56105 0.00489089
61 9.56105 9.60694 0.00479981
62 9.60694 9.6522 0.00471167
63 9.6522 9.69686 0.00462634
64 9.69686 9.74092 0.00454369
65 9.74092 9.7844 0.0044636
66 9.7844 9.82731 0.00438595
67 9.82731 9.86967 0.00431065
68 9.86967 9.9115 0.00423758
69 9.9115 9.95279 0.00416667
70 9.95279 9.99358 0.00409781
71 9.99358 10.0339 0.00403092
72 10.0339 10.0737 0.00396592
73 10.0737 10.113 0.00390274
74 10.113 10.1518 0.0038413
75 10.1518 10.1902 0.00378154
76 10.1902 10.2281 0.00372338
77 10.2281 10.2657 0.00366677
78 10.2657 10.3027 0.00361164
79 10.3027 10.3394 0.00355795
80 10.3394 10.3756 0.00350564
81 10.3756 10.4115 0.00345465
82 10.4115 10.4469 0.00340494
83 10.4469 10.482 0.00335647
84 10.482 10.5167 0.00330918
85 10.5167 10.551 0.00326304
86 10.551 10.5849 0.003218
87 10.5849 10.6185 0.00317404
88 10.6185 10.6518 0.0031311
89 10.6518 10.6847 0.00308916
90 10.6847 10.7173 0.00304818
91 10.7173 10.7495 0.00300813
92 10.7495 10.7814 0.00296898
93 10.7814 10.813 0.0029307
94 10.813 10.8443 0.00289326
95 10.8443 10.8753 0.00285664
96 10.8753 10.906 0.0028208
97 10.906 10.9363 0.00278573
98 10.9363 10.9664 0.0027514
99 10.9664 10.9962 0.00271778
100 10.9962 11.0258 0.00268486
101 11.0258 11.055 0.00265261
102 11.055 11.084 0.00262102
103 11.084 11.1127 0.00259005
104 11.1127 11.1411 0.00255971
105 11.1411 11.1693 0.00252995
106 11.1693 11.1973 0.00250078
107 11.1973 11.2249 0.00247217
108 11.2249 11.2524 0.0024441
109 11.2524 11.2796 0.00241657
110 11.2796 11.3065 0.00238955
111 11.3065 11.3332 0.00236303
112 11.3332 11.3597 0.00233699
113 11.3597 11.386 0.00231143
114 11.386 11.412 0.00228633
115 11.412 11.4378 0.00226168
116 11.4378 11.4634 0.00223746
117 11.4634 11.4888 0.00221367
118 11.4888 11.5139 0.00219029
119 11.5139 11.5389 0.0021673
120 11.5389 11.5636 0.00214472
121 11.5636 11.5882 0.00212251
122 11.5882 11.6125 0.00210067
123 11.6125 11.6367 0.00207919
124 11.6367 11.6606 0.00205807
125 11.6606 11.6844 0.00203729
126 11.6844 11.708 0.00201684
127 11.708 11.7313 0.00199672
128 11.7313 11.7545 0.00197692
129 11.7545 11.7775 0.00195742
130 11.7775 11.8004 0.00193823
131 11.8004 11.823 0.00191934
132 11.823 11.8455 0.00190073
133 11.8455 11.8678 0.00188241
134 11.8678 11.8899 0.00186436
135 11.8899 11.9119 0.00184658
136 11.9119 11.9336 0.00182906
137 11.9336 11.9553 0.00181179
138 11.9553 11.9767 0.00179478
139 11.9767 11.998 0.00177801
140 11.998 12.0192 0.00176148
141 12.0192 12.0401 0.00174518
142 12.0401 12.0609 0.00172911
143 12.0609 12.0816 0.00171326
144 12.0816 12.1021 0.00169763
145 12.1021 12.1225 0.00168222
146 12.1225 12.1427 0.00166701
147 12.1427 12.1627 0.00165201
148 12.1627 12.1827 0.0016372
149 12.1827 12.2024 0.00162259
150 12.2024 12.2221 0.00160818
151 12.2221 12.2415 0.00159395
152 12.2415 12.2609 0.0015799
153 12.2609 12.2801 0.00156604
154 12.2801 12.2991 0.00155235
155 12.2991 12.3181 0.00153883
156 12.3181 12.3369 0.00152548
157 12.3369 12.3555 0.00151229
158 12.3555 12.374 0.00149927
159 12.374 12.3924 0.00148641
160 12.3924 12.4107 0.0014737
161 12.4107 12.4288 0.00146115
162 12.4288 12.4468 0.00144874
163 12.4468 12.4647 0.00143649
164 12.4647 12.4825 0.00142437
165 12.4825 12.5001 0.0014124
166 12.5001 12.5176 0.00140057
167 12.5176 12.535 0.00138887
168 12.535 12.5523 0.00137731
169 12.5523 12.5694 0.00136587
170 12.5694 12.5864 0.00135457
171 12.5864 12.6033 0.00134339
172 12.6033 12.6201 0.00133234
173 12.6201 12.6368 0.00132141
174 12.6368 12.6534 0.00131059
175 12.6534 12.6698 0.0012999
176 12.6698 12.6861 0.00128932
177 12.6861 12.7024 0.00127886
178 12.7024 12.7185 0.0012685
179 12.7185 12.7345 0.00125826
180 12.7345 12.7504 0.00124812
181 12.7504 12.7662 0.00123809
182 12.7662 12.7818 0.00122817
183 12.7818 12.7974 0.00121834
184 12.7974 12.8129 0.00120862
185 12.8129 12.8282 0.001199
186 12.8282 12.8435 0.00118947
187 12.8435 12.8587 0.00118004
188 12.8587 12.8737 0.00117071
189 12.8737 12.8887 0.00116147
190 12.8887 12.9035 0.00115232
191 12.9035 12.9183 0.00114326
192 12.9183 12.9329 0.00113429
193 12.9329 12.9475 0.0011254
194 12.9475 12.9619 0.00111661
195 12.9619 12.9763 0.00110789
196 12.9763 12.9906 0.00109927
197 12.9906 13.0047 0.00109072
198 13.0047 13.0188 0.00108225
199 13.0188 13.0328 0.00107387
200 13.0328 13.0467 0.00106556
201 13.0467 13.0605 0.00105733
202 13.0605 13.0742 0.00104918
203 13.0742 13.0878 0.0010411
204 13.0878 13.1013 0.0010331
205 13.1013 13.1147 0.00102517
206 13.1147 13.1281 0.00101731
207 13.1281 13.1413 0.00100952
208 13.1413 13.1545 0.00100181
209 13.1545 13.1676 0.000994163
