-32 -32 0
-32 -31 0
-32 -30 0
-32 -29 0
-32 -28 0
-32 -27 0
-32 -26 0
-32 -25 0
-32 -24 0
-32 -23 0
-32 -22 0
-32 -21 0
-32 -20 0
-32 -19 0
-32 -18 0
-32 -17 0
-32 -16 0
-32 -15 0
-32 -14 0
-32 -13 0
-32 -12 0
-32 -11 0
-32 -10 0
-32 -9 0
-32 -8 0
-32 -7 0
-32 -6 0
-32 -5 0
-32 -4 0
-32 -3 0
-32 -2 0
-32 -1 0
-32 0 0
-32 1 0
-32 2 0
-32 3 0
-32 4 0
-32 5 0
-32 6 0
-32 7 0
-32 8 0
-32 9 0
-32 10 0
-32 11 0
-32 12 0
-32 13 0
-32 14 0
-32 15 0
-32 16 0
-32 17 0
-32 18 0
-32 19 0
-32 20 0
-32 21 0
-32 22 0
-32 23 0
-32 24 0
-32 25 0
-32 26 0
-32 27 0
-32 28 0
-32 29 0
-32 30 0
-32 31 0
-32 32 0
-31 -32 0
-31 -31 -0.000481881
-31 -30 -0.000975933
-31 -29 -0.00148947
-31 -28 -0.00202944
-31 -27 -0.00260223
-31 -26 -0.00321347
-31 -25 -0.00386782
-31 -24 -0.00456869
-31 -23 -0.005318
-31 -22 -0.0061158
-31 -21 -0.00695999
-31 -20 -0.00784582
-31 -19 -0.00876555
-31 -18 -0.00970797
-31 -17 -0.0106579
-31 -16 -0.0115959
-31 -15 -0.0124977
-31 -14 -0.0133343
-31 -13 -0.0140718
-31 -12 -0.0146718
-31 -11 -0.0150925
-31 -10 -0.0152902
-31 -9 -0.0152214
-31 -8 -0.0148464
-31 -7 -0.0141327
-31 -6 -0.0130591
-31 -5 -0.0116203
-31 -4 -0.00983014
-31 -3 -0.00772321
-31 -2 -0.00535517
-31 -1 -0.00280009
-31 0 -0.000145853
-31 1 0.00251234
-31 2 0.00507923
-31 3 0.00746689
-31 4 0.00960111
-31 5 0.011426
-31 6 0.0129066
-31 7 0.0140285
-31 8 0.0147965
-31 9 0.0152307
-31 10 0.0153626
-31 11 0.0152308
-31 12 0.0148771
-31 13 0.014344
-31 14 0.0136717
-31 15 0.0128969
-31 16 0.012052
-31 17 0.0111647
-31 18 0.0102578
-31 19 0.0093496
-31 20 0.00845428
-31 21 0.00758221
-31 22 0.00674048
-31 23 0.00593333
-31 24 0.00516261
-31 25 0.0044281
-31 26 0.00372792
-31 27 0.0030588
-31 28 0.00241636
-31 29 0.00179536
-31 30 0.00118991
-31 31 0.000593665
-31 32 0
-30 -32 0
-30 -31 -0.000970094
-30 -30 -0.00196458
-30 -29 -0.00299818
-30 -28 -0.00408485
-30 -27 -0.00523748
-30 -26 -0.00646742
-30 -25 -0.00778414
-30 -24 -0.00919463
-30 -23 -0.0107029
-30 -22 -0.0123093
-30 -21 -0.0140099
-30 -20 -0.0157955
-30 -19 -0.0176511
-30 -18 -0.0195544
-30 -17 -0.0214755
-30 -16 -0.0233758
-30 -15 -0.0252071
-30 -14 -0.0269111
-30 -13 -0.0284197
-30 -12 -0.0296553
-30 -11 -0.0305329
-30 -10 -0.0309627
-30 -9 -0.0308551
-30 -8 -0.0301267
-30 -7 -0.0287084
-30 -6 -0.0265542
-30 -5 -0.0236501
-30 -4 -0.0200218
-30 -3 -0.0157388
-30 -2 -0.0109151
-30 -1 -0.0057036
-30 0 -0.000286432
-30 1 0.0051385
-30 2 0.0103733
-30 3 0.0152356
-30 4 0.0195723
-30 5 0.0232691
-30 6 0.0262557
-30 7 0.0285055
-30 8 0.030031
-30 9 0.0308766
-30 10 0.0311094
-30 11 0.03081
-30 12 0.0300656
-30 13 0.0289628
-30 14 0.0275837
-30 15 0.0260026
-30 16 0.0242846
-30 17 0.0224852
-30 18 0.0206498
-30 19 0.0188148
-30 20 0.0170081
-30 21 0.01525
-30 22 0.0135544
-30 23 0.0119295
-30 24 0.0103786
-30 25 0.00890117
-30 26 0.00749316
-30 27 0.00614788
-30 28 0.00485643
-30 29 0.00360821
-30 30 0.00239134
-30 31 0.00119304
-30 32 0
-29 -32 0
-29 -31 -0.0014662
-29 -30 -0.00296916
-29 -29 -0.00453118
-29 -28 -0.00617343
-29 -27 -0.0079155
-29 -26 -0.00977476
-29 -25 -0.0117658
-29 -24 -0.0138994
-29 -23 -0.0161823
-29 -22 -0.0186156
-29 -21 -0.021194
-29 -20 -0.0239047
-29 -19 -0.0267258
-29 -18 -0.0296252
-29 -17 -0.0325589
-29 -16 -0.0354698
-29 -15 -0.0382859
-29 -14 -0.0409202
-29 -13 -0.0432694
-29 -12 -0.0452153
-29 -11 -0.0466267
-29 -10 -0.0473635
-29 -9 -0.0472836
-29 -8 -0.0462527
-29 -7 -0.0441563
-29 -6 -0.0409148
-29 -5 -0.0364983
-29 -4 -0.0309403
-29 -3 -0.0243454
-29 -2 -0.0168908
-29 -1 -0.00881829
-29 0 -0.000418194
-29 1 0.00799327
-29 2 0.0160998
-29 3 0.023611
-29 4 0.0302848
-29 5 0.0359434
-29 6 0.0404812
-29 7 0.0438636
-29 8 0.0461184
-29 9 0.0473228
-29 10 0.0475879
-29 11 0.0470447
-29 12 0.0458311
-29 13 0.0440827
-29 14 0.0419261
-29 15 0.0394749
-29 16 0.0368276
-29 17 0.0340673
-29 18 0.0312616
-29 19 0.0284642
-29 20 0.025716
-29 21 0.0230467
-29 22 0.0204759
-29 23 0.0180152
-29 24 0.0156688
-29 25 0.0134353
-29 26 0.011308
-29 27 0.00927643
-29 28 0.00732691
-29 29 0.00544319
-29 30 0.0036072
-29 31 0.00179953
-29 32 0
-28 -32 0
-28 -31 -0.00197153
-28 -30 -0.00399241
-28 -29 -0.00609277
-28 -28 -0.00830133
-28 -27 -0.0106447
-28 -26 -0.0131466
-28 -25 -0.0158272
-28 -24 -0.0187019
-28 -23 -0.0217804
-28 -22 -0.0250655
-28 -21 -0.0285516
-28 -20 -0.032223
-28 -19 -0.0360524
-28 -18 -0.039999
-28 -17 -0.044006
-28 -16 -0.0479989
-28 -15 -0.0518832
-28 -14 -0.0555431
-28 -13 -0.0588398
-28 -12 -0.0616124
-28 -11 -0.0636796
-28 -10 -0.0648445
-28 -9 -0.0649035
-28 -8 -0.0636587
-28 -7 -0.0609366
-28 -6 -0.0566089
-28 -5 -0.0506173
-28 -4 -0.0429946
-28 -3 -0.0338799
-28 -2 -0.0235219
-28 -1 -0.0122675
-28 0 -0.000537775
-28 1 0.0112066
-28 2 0.0225049
-28 3 0.0329361
-28 4 0.0421528
-28 5 0.049906
-28 6 0.0560555
-28 7 0.0605668
-28 8 0.063496
-28 9 0.0649678
-28 10 0.0651521
-28 11 0.0642417
-28 12 0.062435
-28 13 0.0599229
-28 14 0.0568805
-28 15 0.0534627
-28 16 0.0498019
-28 17 0.0460083
-28 18 0.042171
-28 19 0.0383598
-28 20 0.0346272
-28 21 0.0310108
-28 22 0.0275351
-28 23 0.0242139
-28 24 0.0210514
-28 25 0.0180442
-28 26 0.0151828
-28 27 0.0124522
-28 28 0.00983342
-28 29 0.00730421
-28 30 0.00483995
-28 31 0.00241431
-28 32 0
-27 -32 0
-27 -31 -0.00248706
-27 -30 -0.00503635
-27 -29 -0.00768619
-27 -28 -0.0104732
-27 -27 -0.0134315
-27 -26 -0.0165916
-27 -25 -0.0199799
-27 -24 -0.023617
-27 -23 -0.0275167
-27 -22 -0.0316842
-27 -21 -0.0361149
-27 -20 -0.0407918
-27 -19 -0.0456839
-27 -18 -0.0507432
-27 -17 -0.0559021
-27 -16 -0.0610708
-27 -15 -0.0661339
-27 -14 -0.0709476
-27 -13 -0.075338
-27 -12 -0.0790994
-27 -11 -0.0819959
-27 -10 -0.0837658
-27 -9 -0.0841311
-27 -8 -0.0828136
-27 -7 -0.0795588
-27 -6 -0.074167
-27 -5 -0.0665297
-27 -4 -0.0566649
-27 -3 -0.0447433
-27 -2 -0.0310962
-27 -1 -0.0162003
-27 0 -0.00064203
-27 1 0.0149338
-27 2 0.0298824
-27 3 0.0436173
-27 4 0.0556618
-27 5 0.0656841
-27 6 0.0735127
-27 7 0.0791277
-27 8 0.0826349
-27 9 0.0842302
-27 10 0.0841632
-27 11 0.0827063
-27 12 0.0801307
-27 13 0.0766908
-27 14 0.0726148
-27 15 0.0681006
-27 16 0.0633145
-27 17 0.058393
-27 18 0.0534448
-27 19 0.0485538
-27 20 0.0437822
-27 21 0.0391738
-27 22 0.0347563
-27 23 0.030544
-27 24 0.0265402
-27 25 0.0227386
-27 26 0.0191255
-27 27 0.015681
-27 28 0.0123801
-27 29 0.00919405
-27 30 0.0060913
-27 31 0.00303821
-27 32 0
-26 -32 0
-26 -31 -0.00301335
-26 -30 -0.00610215
-26 -29 -0.00931331
-26 -28 -0.0126918
-26 -27 -0.0162797
-26 -26 -0.0201151
-26 -25 -0.0242311
-26 -24 -0.0286545
-26 -23 -0.0334041
-26 -22 -0.038489
-26 -21 -0.043907
-26 -20 -0.0496418
-26 -19 -0.0556603
-26 -18 -0.0619101
-26 -17 -0.0683156
-26 -16 -0.0747743
-26 -15 -0.0811527
-26 -14 -0.0872816
-26 -13 -0.0929527
-26 -12 -0.0979151
-26 -11 -0.101874
-26 -10 -0.104494
-26 -9 -0.105407
-26 -8 -0.104231
-26 -7 -0.100601
-26 -6 -0.0942095
-26 -5 -0.0848632
-26 -4 -0.0725398
-26 -3 -0.0574339
-26 -2 -0.0399748
-26 -1 -0.0208052
-26 0 -0.00072808
-26 1 0.019369
-26 2 0.0385986
-26 3 0.056158
-26 4 0.0714045
-26 5 0.0839091
-26 6 0.0934763
-26 7 0.100127
-26 8 0.104051
-26 9 0.105551
-26 10 0.104989
-26 11 0.102737
-26 12 0.0991572
-26 13 0.0945751
-26 14 0.0892764
-26 15 0.0835029
-26 16 0.0774537
-26 17 0.0712891
-26 18 0.0651345
-26 19 0.0590852
-26 20 0.0532106
-26 21 0.0475578
-26 22 0.0421558
-26 23 0.0370178
-26 24 0.0321441
-26 25 0.0275247
-26 26 0.0231406
-26 27 0.0189659
-26 28 0.014969
-26 29 0.0111141
-26 30 0.00736209
-26 31 0.00367161
-26 32 0
-25 -32 0
-25 -31 -0.00355047
-25 -30 -0.00718995
-25 -29 -0.0109744
-25 -28 -0.0149576
-25 -27 -0.0191902
-25 -26 -0.0237185
-25 -25 -0.0285832
-25 -24 -0.0338181
-25 -23 -0.0394483
-25 -22 -0.0454884
-25 -21 -0.0519401
-25 -20 -0.0587898
-25 -19 -0.0660055
-25 -18 -0.0735333
-25 -17 -0.0812929
-25 -16 -0.0891734
-25 -15 -0.0970271
-25 -14 -0.104664
-25 -13 -0.111845
-25 -12 -0.118274
-25 -11 -0.123597
-25 -10 -0.127395
-25 -9 -0.129194
-25 -8 -0.128479
-25 -7 -0.124731
-25 -6 -0.117482
-25 -5 -0.106396
-25 -4 -0.0913662
-25 -3 -0.0725941
-25 -2 -0.0506271
-25 -1 -0.0263286
-25 0 -0.00079335
-25 1 0.0247637
-25 2 0.0491279
-25 3 0.0712048
-25 4 0.090132
-25 5 0.105362
-25 6 0.116694
-25 7 0.124234
-25 8 0.128313
-25 9 0.129396
-25 10 0.127996
-25 11 0.124618
-25 12 0.119729
-25 13 0.113736
-25 14 0.106984
-25 15 0.0997568
-25 16 0.0922828
-25 17 0.0847421
-25 18 0.0772728
-25 19 0.0699773
-25 20 0.0629284
-25 21 0.0561739
-25 22 0.0497411
-25 23 0.0436399
-25 24 0.0378662
-25 25 0.0324042
-25 26 0.0272289
-25 27 0.0223071
-25 28 0.0176001
-25 29 0.0130642
-25 30 0.00865212
-25 31 0.00431439
-25 32 0
-24 -32 0
-24 -31 -0.00409791
-24 -30 -0.00829877
-24 -29 -0.012668
-24 -28 -0.0172688
-24 -27 -0.0221609
-24 -26 -0.0273993
-24 -25 -0.0330335
-24 -24 -0.0391051
-24 -23 -0.0456468
-24 -22 -0.0526803
-24 -21 -0.0602134
-24 -20 -0.0682376
-24 -19 -0.076725
-24 -18 -0.0856237
-24 -17 -0.0948537
-24 -16 -0.104301
-24 -15 -0.113809
-24 -14 -0.123175
-24 -13 -0.132134
-24 -12 -0.140353
-24 -11 -0.147417
-24 -10 -0.152823
-24 -9 -0.155972
-24 -8 -0.156184
-24 -7 -0.152729
-24 -6 -0.144897
-24 -5 -0.13212
-24 -4 -0.114123
-24 -3 -0.0910779
-24 -2 -0.0636813
-24 -1 -0.0331012
-24 0 -0.000835621
-24 1 0.0314529
-24 2 0.0621024
-24 3 0.0896156
-24 4 0.112826
-24 5 0.131039
-24 6 0.144082
-24 7 0.152229
-24 8 0.156049
-24 9 0.156244
-24 10 0.153537
-24 11 0.148601
-24 12 0.142023
-24 13 0.134294
-24 14 0.125817
-24 15 0.116913
-24 16 0.107834
-24 17 0.0987711
-24 18 0.0898698
-24 19 0.0812343
-24 20 0.0729363
-24 21 0.0650204
-24 22 0.0575091
-24 23 0.0504066
-24 24 0.0437024
-24 25 0.0373734
-24 26 0.0313867
-24 27 0.0257017
-24 28 0.0202709
-24 29 0.0150423
-24 30 0.00996004
-24 31 0.00496586
-24 32 0
-23 -32 0
-23 -31 -0.00465462
-23 -30 -0.00942646
-23 -29 -0.0143909
-23 -28 -0.0196209
-23 -27 -0.0251859
-23 -26 -0.0311504
-23 -25 -0.0375733
-23 -24 -0.0445053
-23 -23 -0.0519881
-23 -22 -0.0600518
-23 -21 -0.0687126
-23 -20 -0.0779699
-23 -19 -0.0878031
-23 -18 -0.0981669
-23 -17 -0.108987
-23 -16 -0.120152
-23 -15 -0.131507
-23 -14 -0.142843
-23 -13 -0.153884
-23 -12 -0.164268
-23 -11 -0.173533
-23 -10 -0.181092
-23 -9 -0.186215
-23 -8 -0.188022
-23 -7 -0.185503
-23 -6 -0.177594
-23 -5 -0.163335
-23 -4 -0.142132
-23 -3 -0.114052
-23 -2 -0.0799948
-23 -1 -0.0415727
-23 0 -0.000853097
-23 1 0.0398901
-23 2 0.0783832
-23 3 0.11256
-23 4 0.140811
-23 5 0.162238
-23 6 0.176778
-23 7 0.185024
-23 8 0.187934
-23 9 0.186567
-23 10 0.181927
-23 11 0.174884
-23 12 0.166153
-23 13 0.15631
-23 14 0.145804
-23 15 0.13498
-23 16 0.124101
-23 17 0.113364
-23 18 0.10291
-23 19 0.0928396
-23 20 0.0832178
-23 21 0.0740818
-23 22 0.0654457
-23 23 0.0573055
-23 24 0.0496417
-23 25 0.0424225
-23 26 0.0356063
-23 27 0.0291429
-23 28 0.0229761
-23 29 0.0170446
-23 30 0.0112833
-23 31 0.00562477
-23 32 0
-22 -32 0
-22 -31 -0.00521897
-22 -30 -0.0105697
-22 -29 -0.0161379
-22 -28 -0.0220068
-22 -27 -0.028256
-22 -26 -0.0349603
-22 -25 -0.0421884
-22 -24 -0.0500016
-22 -23 -0.0584514
-22 -22 -0.0675784
-22 -21 -0.077409
-22 -20 -0.0879534
-22 -19 -0.0992018
-22 -18 -0.11112
-22 -17 -0.123646
-22 -16 -0.136678
-22 -15 -0.150075
-22 -14 -0.163633
-22 -13 -0.177081
-22 -12 -0.19005
-22 -11 -0.202051
-22 -10 -0.212433
-22 -9 -0.220345
-22 -8 -0.224689
-22 -7 -0.2241
-22 -6 -0.216999
-22 -5 -0.201779
-22 -4 -0.177232
-22 -3 -0.14315
-22 -2 -0.100753
-22 -1 -0.0523563
-22 0 -0.00084452
-22 1 0.0506906
-22 2 0.0991577
-22 3 0.141674
-22 4 0.175928
-22 5 0.200702
-22 6 0.216209
-22 7 0.223662
-22 8 0.224663
-22 9 0.22079
-22 10 0.213397
-22 11 0.203571
-22 12 0.192151
-22 13 0.179772
-22 14 0.166907
-22 15 0.153909
-22 16 0.141036
-22 17 0.128472
-22 18 0.116349
-22 19 0.104754
-22 20 0.0937388
-22 21 0.0833283
-22 22 0.0735255
-22 23 0.0643147
-22 24 0.0556658
-22 25 0.0475366
-22 26 0.039875
-22 27 0.0326209
-22 28 0.0257081
-22 29 0.0190655
-22 30 0.0126183
-22 31 0.00628927
-22 32 0
-21 -32 0
-21 -31 -0.00578877
-21 -30 -0.0117241
-21 -29 -0.0179022
-21 -28 -0.0244171
-21 -27 -0.0313588
-21 -26 -0.0388131
-21 -25 -0.0468594
-21 -24 -0.0555698
-21 -23 -0.0650075
-21 -22 -0.0752245
-21 -21 -0.0862599
-21 -20 -0.098137
-21 -19 -0.11086
-21 -18 -0.124412
-21 -17 -0.138747
-21 -16 -0.153785
-21 -15 -0.169405
-21 -14 -0.185431
-21 -13 -0.201614
-21 -12 -0.217609
-21 -11 -0.232937
-21 -10 -0.24693
-21 -9 -0.258656
-21 -8 -0.266822
-21 -7 -0.269665
-21 -6 -0.264897
-21 -5 -0.249848
-21 -4 -0.222089
-21 -3 -0.180711
-21 -2 -0.127591
-21 -1 -0.06627
-21 0 -0.00080937
-21 1 0.064674
-21 2 0.126064
-21 3 0.179298
-21 4 0.220843
-21 5 0.248825
-21 6 0.264162
-21 7 0.269288
-21 8 0.266874
-21 9 0.259202
-21 10 0.248026
-21 11 0.234628
-21 12 0.219924
-21 13 0.204565
-21 14 0.189012
-21 15 0.173594
-21 16 0.158541
-21 17 0.144012
-21 18 0.130116
-21 19 0.116916
-21 20 0.104447
-21 21 0.0927162
-21 22 0.0817116
-21 23 0.0714037
-21 24 0.0617495
-21 25 0.0526948
-21 26 0.044176
-21 27 0.0361222
-21 28 0.0284565
-21 29 0.0210974
-21 30 0.01396
-21 31 0.00695697
-21 32 0
-20 -32 0
-20 -31 -0.00636135
-20 -30 -0.0128841
-20 -29 -0.0196754
-20 -28 -0.0268399
-20 -27 -0.034479
-20 -26 -0.0426891
-20 -25 -0.0515614
-20 -24 -0.0611795
-20 -23 -0.0716189
-20 -22 -0.0829446
-20 -21 -0.0952096
-20 -20 -0.108453
-20 -19 -0.122697
-20 -18 -0.137943
-20 -17 -0.154169
-20 -16 -0.171326
-20 -15 -0.189326
-20 -14 -0.208035
-20 -13 -0.227255
-20 -12 -0.246701
-20 -11 -0.265959
-20 -10 -0.284419
-20 -9 -0.301173
-20 -8 -0.31484
-20 -7 -0.323316
-20 -6 -0.32346
-20 -5 -0.310928
-20 -4 -0.280785
-20 -3 -0.230159
-20 -2 -0.162711
-20 -1 -0.0843375
-20 0 -0.000748237
-20 1 0.0828629
-20 2 0.161302
-20 3 0.22886
-20 4 0.279641
-20 5 0.309994
-20 6 0.322804
-20 7 0.323018
-20 8 0.31498
-20 9 0.301827
-20 10 0.285652
-20 11 0.267821
-20 12 0.249228
-20 13 0.230462
-20 14 0.211917
-20 15 0.193861
-20 16 0.176471
-20 17 0.159863
-20 18 0.144108
-20 19 0.129242
-20 20 0.115273
-20 21 0.102188
-20 22 0.0899571
-20 23 0.0785339
-20 24 0.0678611
-20 25 0.0578714
-20 26 0.0484888
-20 27 0.0396307
-20 28 0.031209
-20 29 0.0231314
-20 30 0.0153026
-20 31 0.00762496
-20 32 0
-19 -32 0
-19 -31 -0.00693362
-19 -30 -0.0140434
-19 -29 -0.0214476
-19 -28 -0.0292618
-19 -27 -0.0375985
-19 -26 -0.0465656
-19 -25 -0.0562657
-19 -24 -0.0667949
-19 -23 -0.0782413
-19 -22 -0.090684
-19 -21 -0.104191
-19 -20 -0.118819
-19 -19 -0.134609
-19 -18 -0.151587
-19 -17 -0.16976
-19 -16 -0.189113
-19 -15 -0.209604
-19 -14 -0.231156
-19 -13 -0.25365
-19 -12 -0.276899
-19 -11 -0.300623
-19 -10 -0.324379
-19 -9 -0.347453
-19 -8 -0.368631
-19 -7 -0.38578
-19 -6 -0.395085
-19 -5 -0.389911
-19 -4 -0.360176
-19 -3 -0.296569
-19 -2 -0.208827
-19 -1 -0.107634
-19 0 -0.000663471
-19 1 0.106329
-19 2 0.207587
-19 3 0.295432
-19 4 0.35918
-19 5 0.3891
-19 6 0.394532
-19 7 0.385576
-19 8 0.368868
-19 9 0.348219
-19 10 0.32575
-19 11 0.302656
-19 12 0.279634
-19 13 0.257106
-19 14 0.235331
-19 15 0.214474
-19 16 0.194634
-19 17 0.175868
-19 18 0.1582
-19 19 0.141629
-19 20 0.126134
-19 21 0.111677
-19 22 0.0982064
-19 23 0.0856598
-19 24 0.0739637
-19 25 0.0630365
-19 26 0.0527893
-19 27 0.0431273
-19 28 0.033951
-19 29 0.025157
-19 30 0.0166393
-19 31 0.00828991
-19 32 0
-18 -32 0
-18 -31 -0.00750214
-18 -30 -0.0151951
-18 -29 -0.0232081
-18 -28 -0.0316677
-18 -27 -0.0406975
-18 -26 -0.0504169
-18 -25 -0.0609403
-18 -24 -0.0723761
-18 -23 -0.0848255
-18 -22 -0.0983819
-18 -21 -0.113129
-18 -20 -0.129142
-18 -19 -0.146482
-18 -18 -0.165202
-18 -17 -0.185339
-18 -16 -0.206917
-18 -15 -0.229948
-18 -14 -0.254424
-18 -13 -0.280322
-18 -12 -0.30759
-18 -11 -0.336142
-18 -10 -0.36582
-18 -9 -0.396326
-18 -8 -0.427043
-18 -7 -0.456575
-18 -6 -0.481565
-18 -5 -0.493728
-18 -4 -0.473623
-18 -3 -0.387231
-18 -2 -0.268458
-18 -1 -0.136717
-18 0 -0.000560196
-18 1 0.13562
-18 2 0.26743
-18 3 0.386311
-18 4 0.472833
-18 5 0.493078
-18 6 0.481134
-18 7 0.456474
-18 8 0.427382
-18 9 0.397207
-18 10 0.367327
-18 11 0.338342
-18 12 0.310528
-18 13 0.28402
-18 14 0.258882
-18 15 0.235142
-18 16 0.212802
-18 17 0.191847
-18 18 0.172248
-18 19 0.153961
-18 20 0.136935
-18 21 0.121105
-18 22 0.106397
-18 23 0.0927309
-18 24 0.0800162
-18 25 0.068157
-18 26 0.0570511
-18 27 0.0465914
-18 28 0.0366668
-18 29 0.0271629
-18 30 0.0179628
-18 31 0.00894817
-18 32 0
-17 -32 0
-17 -31 -0.00806327
-17 -30 -0.0163318
-17 -29 -0.0249454
-17 -28 -0.0340416
-17 -27 -0.043755
-17 -26 -0.0542162
-17 -25 -0.0655513
-17 -24 -0.0778808
-17 -23 -0.091319
-17 -22 -0.105973
-17 -21 -0.121944
-17 -20 -0.139322
-17 -19 -0.158193
-17 -18 -0.178631
-17 -17 -0.200708
-17 -16 -0.224488
-17 -15 -0.250035
-17 -14 -0.277416
-17 -13 -0.306708
-17 -12 -0.338009
-17 -11 -0.371459
-17 -10 -0.407258
-17 -9 -0.445707
-17 -8 -0.487241
-17 -7 -0.532389
-17 -6 -0.581226
-17 -5 -0.630051
-17 -4 -0.653498
-17 -3 -0.510363
-17 -2 -0.341101
-17 -1 -0.170221
-17 0 -0.000447495
-17 1 0.169354
-17 2 0.340318
-17 3 0.509713
-17 4 0.653001
-17 5 0.629595
-17 6 0.580929
-17 7 0.532395
-17 8 0.487683
-17 9 0.446701
-17 10 0.408899
-17 11 0.373821
-17 12 0.341144
-17 13 0.31064
-17 14 0.282148
-17 15 0.255543
-17 16 0.230724
-17 17 0.207603
-17 18 0.186094
-17 19 0.166114
-17 20 0.147576
-17 21 0.130391
-17 22 0.114464
-17 23 0.0996936
-17 24 0.0859751
-17 25 0.0731977
-17 26 0.061246
-17 27 0.0500008
-17 28 0.0393395
-17 29 0.0291367
-17 30 0.0192651
-17 31 0.00959585
-17 32 0
-16 -32 0
-16 -31 -0.00861326
-16 -30 -0.0174457
-16 -29 -0.0266476
-16 -28 -0.0363671
-16 -27 -0.0467492
-16 -26 -0.0579357
-16 -25 -0.0700637
-16 -24 -0.0832657
-16 -23 -0.0976684
-16 -22 -0.113393
-16 -21 -0.130553
-16 -20 -0.149259
-16 -19 -0.169614
-16 -18 -0.191718
-16 -17 -0.21567
-16 -16 -0.241572
-16 -15 -0.269536
-16 -14 -0.299695
-16 -13 -0.332216
-16 -12 -0.367334
-16 -11 -0.405386
-16 -10 -0.446899
-16 -9 -0.492737
-16 -8 -0.544431
-16 -7 -0.604981
-16 -6 -0.681222
-16 -5 -0.791927
-16 -4 -1
-16 -3 -0.659666
-16 -2 -0.41539
-16 -1 -0.20262
-16 0 -0.000338565
-16 1 0.201976
-16 2 0.414849
-16 3 0.659319
-16 4 1
-16 5 0.791684
-16 6 0.681053
-16 7 0.605087
-16 8 0.544969
-16 9 0.493839
-16 10 0.448669
-16 11 0.407905
-16 12 0.370657
-16 13 0.336374
-16 14 0.304689
-16 15 0.275344
-16 16 0.248145
-16 17 0.222935
-16 18 0.19958
-16 19 0.177959
-16 20 0.157955
-16 21 0.139453
-16 22 0.122339
-16 23 0.106493
-16 24 0.091796
-16 25 0.0781226
-16 26 0.0653453
-16 27 0.053333
-16 28 0.041952
-16 29 0.0310662
-16 30 0.020538
-16 31 0.010229
-16 32 0
-15 -32 0
-15 -31 -0.00914836
-15 -30 -0.0185292
-15 -29 -0.028303
-15 -28 -0.0386277
-15 -27 -0.0496587
-15 -26 -0.061548
-15 -25 -0.0744435
-15 -24 -0.0884884
-15 -23 -0.103821
-15 -22 -0.120575
-15 -21 -0.138879
-15 -20 -0.158856
-15 -19 -0.180628
-15 -18 -0.204314
-15 -17 -0.230037
-15 -16 -0.257931
-15 -15 -0.288144
-15 -14 -0.320858
-15 -13 -0.356308
-15 -12 -0.394815
-15 -11 -0.436843
-15 -10 -0.48309
-15 -9 -0.53466
-15 -8 -0.59337
-15 -7 -0.662339
-15 -6 -0.747043
-15 -5 -0.856532
-15 -4 -1
-15 -3 -0.712934
-15 -2 -0.458186
-15 -1 -0.224529
-15 0 -0.000246784
-15 1 0.224066
-15 2 0.457816
-15 3 0.712721
-15 4 1
-15 5 0.856376
-15 6 0.746961
-15 7 0.662529
-15 8 0.593997
-15 9 0.535863
-15 10 0.484983
-15 11 0.439511
-15 12 0.39832
-15 13 0.360681
-15 14 0.326104
-15 15 0.294239
-15 16 0.264825
-15 17 0.237655
-15 18 0.212557
-15 19 0.189377
-15 20 0.167973
-15 21 0.148211
-15 22 0.129956
-15 23 0.113076
-15 24 0.0974351
-15 25 0.0828965
-15 26 0.0693206
-15 27 0.0565655
-15 28 0.0444869
-15 29 0.0329387
-15 30 0.0217737
-15 31 0.0108435
-15 32 0
-14 -32 0
-14 -31 -0.00966493
-14 -30 -0.019575
-14 -29 -0.0299001
-14 -28 -0.0408078
-14 -27 -0.0524629
-14 -26 -0.0650271
-14 -25 -0.0786579
-14 -24 -0.0935089
-14 -23 -0.109729
-14 -22 -0.127462
-14 -21 -0.146848
-14 -20 -0.168024
-14 -19 -0.191125
-14 -18 -0.216285
-14 -17 -0.243646
-14 -16 -0.27336
-14 -15 -0.305602
-14 -14 -0.340581
-14 -13 -0.378564
-14 -12 -0.419906
-14 -11 -0.465102
-14 -10 -0.514858
-14 -9 -0.570206
-14 -8 -0.632662
-14 -7 -0.704415
-14 -6 -0.788356
-14 -5 -0.887251
-14 -4 -1
-14 -3 -0.733895
-14 -2 -0.479896
-14 -1 -0.237061
-14 0 -0.000175928
-14 1 0.236734
-14 2 0.479641
-14 3 0.733754
-14 4 1
-14 5 0.887139
-14 6 0.788334
-14 7 0.704673
-14 8 0.633368
-14 9 0.571503
-14 10 0.516866
-14 11 0.467912
-14 12 0.423582
-14 13 0.383141
-14 14 0.346065
-14 15 0.311969
-14 16 0.280559
-14 17 0.251599
-14 18 0.22489
-14 19 0.200258
-14 20 0.177542
-14 21 0.156591
-14 22 0.137256
-14 23 0.119392
-14 24 0.102851
-14 25 0.0874854
-14 26 0.0731446
-14 27 0.0596767
-14 28 0.0469277
-14 29 0.0347424
-14 30 0.022964
-14 31 0.0114356
-14 32 0
-13 -32 0
-13 -31 -0.0101596
-13 -30 -0.0205761
-13 -29 -0.0314283
-13 -28 -0.0428925
-13 -27 -0.0551425
-13 -26 -0.0683485
-13 -25 -0.0826771
-13 -24 -0.0982906
-13 -23 -0.115347
-13 -22 -0.133999
-13 -21 -0.154398
-13 -20 -0.176687
-13 -19 -0.201013
-13 -18 -0.227522
-13 -17 -0.256364
-13 -16 -0.287704
-13 -15 -0.321723
-13 -14 -0.358639
-13 -13 -0.39872
-13 -12 -0.442307
-13 -11 -0.489851
-13 -10 -0.541955
-13 -9 -0.59942
-13 -8 -0.66328
-13 -7 -0.734758
-13 -6 -0.814992
-13 -5 -0.904207
-13 -4 -1
-13 -3 -0.742752
-13 -2 -0.490443
-13 -1 -0.243642
-13 0 -0.000123872
-13 1 0.243413
-13 2 0.490266
-13 3 0.742656
-13 4 1
-13 5 0.904121
-13 6 0.815013
-13 7 0.735071
-13 8 0.664055
-13 9 0.600804
-13 10 0.544072
-13 11 0.492795
-13 12 0.446146
-13 13 0.403491
-13 14 0.364349
-13 15 0.328348
-13 16 0.295191
-13 17 0.264634
-13 18 0.236469
-13 19 0.210509
-13 20 0.186583
-13 21 0.164527
-13 22 0.144184
-13 23 0.125396
-13 24 0.108007
-13 25 0.0918585
-13 26 0.076792
-13 27 0.0626464
-13 28 0.0492589
-13 29 0.0364657
-13 30 0.0241018
-13 31 0.0120017
-13 32 0
-12 -32 0
-12 -31 -0.0106291
-12 -30 -0.0215261
-12 -29 -0.0328778
-12 -28 -0.0448686
-12 -27 -0.0576802
-12 -26 -0.0714907
-12 -25 -0.0864745
-12 -24 -0.102802
-12 -23 -0.120637
-12 -22 -0.140143
-12 -21 -0.161474
-12 -20 -0.184783
-12 -19 -0.210223
-12 -18 -0.237943
-12 -17 -0.268099
-12 -16 -0.300855
-12 -15 -0.336392
-12 -14 -0.374915
-12 -13 -0.416667
-12 -12 -0.461946
-12 -11 -0.511119
-12 -10 -0.564635
-12 -9 -0.623034
-12 -8 -0.686911
-12 -7 -0.756803
-12 -6 -0.832927
-12 -5 -0.91468
-12 -4 -1
-12 -3 -0.746673
-12 -2 -0.495482
-12 -1 -0.24694
-12 0 -8.66492e-05
-12 1 0.24678
-12 2 0.495359
-12 3 0.746606
-12 4 1
-12 5 0.914611
-12 6 0.83298
-12 7 0.757163
-12 8 0.687747
-12 9 0.624498
-12 10 0.566852
-12 11 0.514188
-12 12 0.465938
-12 13 0.421619
-12 14 0.380835
-12 15 0.343258
-12 16 0.308613
-12 17 0.276666
-12 18 0.247211
-12 19 0.220058
-12 20 0.195033
-12 21 0.171967
-12 22 0.150693
-12 23 0.131048
-12 24 0.112868
-12 25 0.0959879
-12 26 0.0802401
-12 27 0.0654564
-12 28 0.0514664
-12 29 0.0380984
-12 30 0.0251801
-12 31 0.0125382
-12 32 0
-11 -32 0
-11 -31 -0.0110707
-11 -30 -0.0224193
-11 -29 -0.03424
-11 -28 -0.0467242
-11 -27 -0.0600608
-11 -26 -0.0744349
-11 -25 -0.0900275
-11 -24 -0.107015
-11 -23 -0.125569
-11 -22 -0.145855
-11 -21 -0.168035
-11 -20 -0.192266
-11 -19 -0.218701
-11 -18 -0.247492
-11 -17 -0.278793
-11 -16 -0.31276
-11 -15 -0.349561
-11 -14 -0.38938
-11 -13 -0.432421
-11 -12 -0.478921
-11 -11 -0.529146
-11 -10 -0.583396
-11 -9 -0.641981
-11 -8 -0.70517
-11 -7 -0.773084
-11 -6 -0.845517
-11 -5 -0.921681
-11 -4 -1
-11 -3 -0.748456
-11 -2 -0.497872
-11 -1 -0.248548
-11 0 -6.0414e-05
-11 1 0.248437
-11 2 0.497787
-11 3 0.74841
-11 4 1
-11 5 0.921624
-11 6 0.845595
-11 7 0.773482
-11 8 0.70606
-11 9 0.643516
-11 10 0.585706
-11 11 0.532331
-11 12 0.483053
-11 13 0.437542
-11 14 0.395497
-11 15 0.356652
-11 16 0.320769
-11 17 0.287636
-11 18 0.257058
-11 19 0.228853
-11 20 0.202846
-11 21 0.178867
-11 22 0.156746
-11 23 0.136316
-11 24 0.117408
-11 25 0.09985
-11 26 0.0834692
-11 27 0.0680907
-11 28 0.0535374
-11 29 0.0396313
-11 30 0.0261928
-11 31 0.0130423
-11 32 0
-10 -32 0
-10 -31 -0.011482
-10 -30 -0.0232509
-10 -29 -0.0355073
-10 -28 -0.0484493
-10 -27 -0.0622717
-10 -26 -0.0771656
-10 -25 -0.0933176
-10 -24 -0.110909
-10 -23 -0.130117
-10 -22 -0.15111
-10 -21 -0.174053
-10 -20 -0.199105
-10 -19 -0.226417
-10 -18 -0.256141
-10 -17 -0.288421
-10 -16 -0.323404
-10 -15 -0.361238
-10 -14 -0.402077
-10 -13 -0.446083
-10 -12 -0.493425
-10 -11 -0.544277
-10 -10 -0.598808
-10 -9 -0.657151
-10 -8 -0.719358
-10 -7 -0.785322
-10 -6 -0.854664
-10 -5 -0.926623
-10 -4 -1
-10 -3 -0.749281
-10 -2 -0.499002
-10 -1 -0.249319
-10 0 -4.20634e-05
-10 1 0.249242
-10 2 0.498942
-10 3 0.749249
-10 4 1
-10 5 0.926575
-10 6 0.854763
-10 7 0.785753
-10 8 0.720296
-10 9 0.658751
-10 10 0.601202
-10 11 0.547569
-10 12 0.497688
-10 13 0.45136
-10 14 0.408376
-10 15 0.368536
-10 16 0.331645
-10 17 0.297519
-10 18 0.265982
-10 19 0.236861
-10 20 0.209989
-10 21 0.185196
-10 22 0.162315
-10 23 0.141175
-10 24 0.121603
-10 25 0.103425
-10 26 0.0864628
-10 27 0.0705356
-10 28 0.0554614
-10 29 0.0410561
-10 30 0.0271347
-10 31 0.0135112
-10 32 0
-9 -32 0
-9 -31 -0.0118609
-9 -30 -0.0240167
-9 -29 -0.0366738
-9 -28 -0.0500356
-9 -27 -0.0643025
-9 -26 -0.0796703
-9 -25 -0.0963304
-9 -24 -0.114468
-9 -23 -0.134263
-9 -22 -0.155888
-9 -21 -0.179508
-9 -20 -0.205281
-9 -19 -0.233357
-9 -18 -0.263879
-9 -17 -0.296986
-9 -16 -0.332807
-9 -15 -0.37147
-9 -14 -0.413097
-9 -13 -0.457804
-9 -12 -0.505702
-9 -11 -0.556883
-9 -10 -0.611411
-9 -9 -0.669297
-9 -8 -0.730457
-9 -7 -0.794665
-9 -6 -0.861488
-9 -5 -0.930244
-9 -4 -1
-9 -3 -0.749665
-9 -2 -0.499534
-9 -1 -0.249685
-9 0 -2.92804e-05
-9 1 0.249631
-9 2 0.499493
-9 3 0.749643
-9 4 1
-9 5 0.930203
-9 6 0.861603
-9 7 0.795124
-9 8 0.731438
-9 9 0.670956
-9 10 0.613882
-9 11 0.560271
-9 12 0.510084
-9 13 0.463223
-9 14 0.419561
-9 15 0.378957
-9 16 0.34126
-9 17 0.306316
-9 18 0.273971
-9 19 0.244066
-9 20 0.216442
-9 21 0.190936
-9 22 0.16738
-9 23 0.145605
-9 24 0.125437
-9 25 0.106698
-9 26 0.0892073
-9 27 0.0727799
-9 28 0.0572292
-9 29 0.0423664
-9 30 0.0280012
-9 31 0.0139427
-9 32 0
-8 -32 0
-8 -31 -0.0122057
-8 -30 -0.0247135
-8 -29 -0.0377343
-8 -28 -0.0514766
-8 -27 -0.066145
-8 -26 -0.0819396
-8 -25 -0.0990553
-8 -24 -0.117681
-8 -23 -0.137998
-8 -22 -0.160179
-8 -21 -0.184391
-8 -20 -0.210789
-8 -19 -0.239519
-8 -18 -0.270718
-8 -17 -0.304511
-8 -16 -0.341014
-8 -15 -0.380331
-8 -14 -0.422553
-8 -13 -0.467758
-8 -12 -0.516002
-8 -11 -0.567314
-8 -10 -0.62168
-8 -9 -0.679025
-8 -8 -0.739187
-8 -7 -0.801882
-8 -6 -0.866675
-8 -5 -0.932965
-8 -4 -1
-8 -3 -0.749844
-8 -2 -0.499784
-8 -1 -0.249856
-8 0 -2.03986e-05
-8 1 0.249819
-8 2 0.499755
-8 3 0.749829
-8 4 1
-8 5 0.93293
-8 6 0.866803
-8 7 0.802366
-8 8 0.740205
-8 9 0.680736
-8 10 0.624219
-8 11 0.570789
-8 12 0.520491
-8 13 0.473305
-8 14 0.429167
-8 15 0.387988
-8 16 0.349657
-8 17 0.314051
-8 18 0.281035
-8 19 0.250468
-8 20 0.2222
-8 21 0.196074
-8 22 0.171929
-8 23 0.149594
-8 24 0.128897
-8 25 0.109658
-8 26 0.0916927
-8 27 0.0748148
-8 28 0.0588337
-8 29 0.0435565
-8 30 0.0287887
-8 31 0.014335
-8 32 0
-7 -32 0
-7 -31 -0.0125153
-7 -30 -0.0253385
-7 -29 -0.0386851
-7 -28 -0.0527672
-7 -27 -0.0677932
-7 -26 -0.0839666
-7 -25 -0.101485
-7 -24 -0.120539
-7 -23 -0.141312
-7 -22 -0.163978
-7 -21 -0.1887
-7 -20 -0.215632
-7 -19 -0.244915
-7 -18 -0.276677
-7 -17 -0.311033
-7 -16 -0.348082
-7 -15 -0.387907
-7 -14 -0.430573
-7 -13 -0.476121
-7 -12 -0.524565
-7 -11 -0.575883
-7 -10 -0.630007
-7 -9 -0.686807
-7 -8 -0.746073
-7 -7 -0.807499
-7 -6 -0.870666
-7 -5 -0.935042
-7 -4 -1
-7 -3 -0.749928
-7 -2 -0.499901
-7 -1 -0.249936
-7 0 -1.42414e-05
-7 1 0.24991
-7 2 0.499881
-7 3 0.749917
-7 4 1
-7 5 0.935012
-7 6 0.870806
-7 7 0.808003
-7 8 0.747122
-7 9 0.688562
-7 10 0.632606
-7 11 0.579435
-7 12 0.529148
-7 13 0.48178
-7 14 0.437318
-7 15 0.395715
-7 16 0.356893
-7 17 0.320757
-7 18 0.287194
-7 19 0.256075
-7 20 0.227264
-7 21 0.20061
-7 22 0.175956
-7 23 0.153135
-7 24 0.131975
-7 25 0.112295
-7 26 0.0939111
-7 27 0.0766336
-7 28 0.0602692
-7 29 0.0446221
-7 30 0.0294942
-7 31 0.0146865
-7 32 0
-6 -32 0
-6 -31 -0.0127884
-6 -30 -0.0258899
-6 -29 -0.0395232
-6 -28 -0.0539038
-6 -27 -0.069243
-6 -26 -0.0857468
-6 -25 -0.103615
-6 -24 -0.12304
-6 -23 -0.144205
-6 -22 -0.167284
-6 -21 -0.192439
-6 -20 -0.21982
-6 -19 -0.249562
-6 -18 -0.281786
-6 -17 -0.316595
-6 -16 -0.354075
-6 -15 -0.39429
-6 -14 -0.437279
-6 -13 -0.483056
-6 -12 -0.531601
-6 -11 -0.582855
-6 -10 -0.636711
-6 -9 -0.693003
-6 -8 -0.751497
-6 -7 -0.811879
-6 -6 -0.873752
-6 -5 -0.936639
-6 -4 -1
-6 -3 -0.749967
-6 -2 -0.499955
-6 -1 -0.249973
-6 0 -9.98689e-06
-6 1 0.249954
-6 2 0.499941
-6 3 0.74996
-6 4 1
-6 5 0.936613
-6 6 0.873902
-6 7 0.812401
-6 8 0.752573
-6 9 0.694797
-6 10 0.639361
-6 11 0.586473
-6 12 0.536265
-6 13 0.488812
-6 14 0.444138
-6 15 0.402227
-6 16 0.363032
-6 17 0.326479
-6 18 0.292475
-6 19 0.260905
-6 20 0.231642
-6 21 0.204545
-6 22 0.179459
-6 23 0.156224
-6 24 0.134665
-6 25 0.114605
-6 26 0.0958574
-6 27 0.0782313
-6 28 0.0615316
-6 29 0.0455599
-6 30 0.0301154
-6 31 0.0149962
-6 32 0
-5 -32 0
-5 -31 -0.0130245
-5 -30 -0.0263662
-5 -29 -0.0402466
-5 -28 -0.0548838
-5 -27 -0.0704914
-5 -26 -0.0872775
-5 -25 -0.105443
-5 -24 -0.125182
-5 -23 -0.146677
-5 -22 -0.170101
-5 -21 -0.195615
-5 -20 -0.223365
-5 -19 -0.253481
-5 -18 -0.286076
-5 -17 -0.321244
-5 -16 -0.359058
-5 -15 -0.399565
-5 -14 -0.442786
-5 -13 -0.48871
-5 -12 -0.537294
-5 -11 -0.588449
-5 -10 -0.642044
-5 -9 -0.697889
-5 -8 -0.755738
-5 -7 -0.815278
-5 -6 -0.876132
-5 -5 -0.937866
-5 -4 -1
-5 -3 -0.749985
-5 -2 -0.499981
-5 -1 -0.249989
-5 0 -7.065e-06
-5 1 0.249976
-5 2 0.499971
-5 3 0.74998
-5 4 1
-5 5 0.937842
-5 6 0.87629
-5 7 0.815814
-5 8 0.756836
-5 9 0.699715
-5 10 0.644737
-5 11 0.592122
-5 12 0.542026
-5 13 0.494548
-5 14 0.44974
-5 15 0.407611
-5 16 0.368137
-5 17 0.331263
-5 18 0.29691
-5 19 0.264978
-5 20 0.235348
-5 21 0.207886
-5 22 0.182443
-5 23 0.15886
-5 24 0.136967
-5 25 0.116585
-5 26 0.097528
-5 27 0.0796046
-5 28 0.0626178
-5 29 0.0463675
-5 30 0.0306507
-5 31 0.0152631
-5 32 0
-4 -32 0
-4 -31 -0.013223
-4 -30 -0.0267664
-4 -29 -0.040854
-4 -28 -0.0557057
-4 -27 -0.0715369
-4 -26 -0.0885571
-4 -25 -0.106969
-4 -24 -0.126965
-4 -23 -0.14873
-4 -22 -0.172434
-4 -21 -0.198238
-4 -20 -0.226282
-4 -19 -0.256694
-4 -18 -0.28958
-4 -17 -0.325025
-4 -16 -0.36309
-4 -15 -0.403811
-4 -14 -0.447193
-4 -13 -0.493208
-4 -12 -0.541793
-4 -11 -0.59284
-4 -10 -0.6462
-4 -9 -0.701671
-4 -8 -0.758999
-4 -7 -0.817876
-4 -6 -0.877944
-4 -5 -0.938797
-4 -4 -1
-4 -3 -0.749994
-4 -2 -0.499992
-4 -1 -0.249997
-4 0 -5.08337e-06
-4 1 0.249987
-4 2 0.499985
-4 3 0.74999
-4 4 1
-4 5 0.938776
-4 6 0.878107
-4 7 0.818424
-4 8 0.760116
-4 9 0.703522
-4 10 0.648928
-4 11 0.596557
-4 12 0.54658
-4 13 0.499112
-4 14 0.454224
-4 15 0.411945
-4 16 0.372267
-4 17 0.335151
-4 18 0.300531
-4 19 0.268315
-4 20 0.238395
-4 21 0.210641
-4 22 0.184911
-4 23 0.161046
-4 24 0.138879
-4 25 0.118233
-4 26 0.0989211
-4 27 0.0807512
-4 28 0.0635258
-4 29 0.0470431
-4 30 0.0310987
-4 31 0.0154866
-4 32 0
-3 -32 0
-3 -31 -0.0133834
-3 -30 -0.0270898
-3 -29 -0.0413443
-3 -28 -0.0563683
-3 -27 -0.0723784
-3 -26 -0.0895852
-3 -25 -0.108191
-3 -24 -0.128391
-3 -23 -0.150367
-3 -22 -0.17429
-3 -21 -0.200316
-3 -20 -0.228587
-3 -19 -0.259223
-3 -18 -0.292327
-3 -17 -0.327976
-3 -16 -0.366224
-3 -15 -0.407096
-3 -14 -0.450585
-3 -13 -0.496651
-3 -12 -0.545217
-3 -11 -0.596164
-3 -10 -0.649328
-3 -9 -0.704501
-3 -8 -0.761427
-3 -7 -0.819803
-3 -6 -0.879282
-3 -5 -0.939484
-3 -4 -1
-3 -3 -0.749998
-3 -2 -0.499997
-3 -1 -0.25
-3 0 -3.77533e-06
-3 1 0.249993
-3 2 0.499992
-3 3 0.749995
-3 4 1
-3 5 0.939464
-3 6 0.87945
-3 7 0.820359
-3 8 0.762557
-3 9 0.706372
-3 10 0.652082
-3 11 0.599914
-3 12 0.550045
-3 13 0.502604
-3 14 0.457674
-3 15 0.415295
-3 16 0.375475
-3 17 0.338184
-3 18 0.303365
-3 19 0.270938
-3 20 0.240798
-3 21 0.212821
-3 22 0.186868
-3 23 0.162784
-3 24 0.140404
-3 25 0.119549
-3 26 0.100036
-3 27 0.0816698
-3 28 0.064254
-3 29 0.0475854
-3 30 0.0314586
-3 31 0.0156661
-3 32 0
-2 -32 0
-2 -31 -0.0135057
-2 -30 -0.0273359
-2 -29 -0.0417169
-2 -28 -0.0568709
-2 -27 -0.0730154
-2 -26 -0.0903614
-2 -25 -0.109112
-2 -24 -0.129461
-2 -23 -0.151591
-2 -22 -0.175673
-2 -21 -0.20186
-2 -20 -0.230291
-2 -19 -0.261086
-2 -18 -0.294341
-2 -17 -0.33013
-2 -16 -0.368501
-2 -15 -0.409471
-2 -14 -0.453026
-2 -13 -0.499117
-2 -12 -0.547658
-2 -11 -0.598521
-2 -10 -0.651536
-2 -9 -0.70649
-2 -8 -0.763126
-2 -7 -0.821146
-2 -6 -0.880213
-2 -5 -0.93996
-2 -4 -1
-2 -3 -0.749999
-2 -2 -0.499999
-2 -1 -0.250001
-2 0 -2.96419e-06
-2 1 0.249995
-2 2 0.499995
-2 3 0.749997
-2 4 1
-2 5 0.939942
-2 6 0.880384
-2 7 0.821708
-2 8 0.764265
-2 9 0.708374
-2 10 0.654307
-2 11 0.602293
-2 12 0.552513
-2 13 0.505103
-2 14 0.460153
-2 15 0.417715
-2 16 0.377801
-2 17 0.340392
-2 18 0.305439
-2 19 0.272864
-2 20 0.242568
-2 21 0.214432
-2 22 0.18832
-2 23 0.164077
-2 24 0.141541
-2 25 0.120534
-2 26 0.100871
-2 27 0.0823596
-2 28 0.0648016
-2 29 0.0479937
-2 30 0.0317298
-2 31 0.0158015
-2 32 0
-1 -32 0
-1 -31 -0.0135895
-1 -30 -0.0275044
-1 -29 -0.0419713
-1 -28 -0.0572131
-1 -27 -0.0734475
-1 -26 -0.0908857
-1 -25 -0.109731
-1 -24 -0.130177
-1 -23 -0.152406
-1 -22 -0.176587
-1 -21 -0.202875
-1 -20 -0.231405
-1 -19 -0.262295
-1 -18 -0.295641
-1 -17 -0.331512
-1 -16 -0.369952
-1 -15 -0.410976
-1 -14 -0.454563
-1 -13 -0.500661
-1 -12 -0.549177
-1 -11 -0.59998
-1 -10 -0.652896
-1 -9 -0.70771
-1 -8 -0.764164
-1 -7 -0.821964
-1 -6 -0.880778
-1 -5 -0.940249
-1 -4 -1
-1 -3 -0.75
-1 -2 -0.5
-1 -1 -0.250001
-1 0 -2.53933e-06
-1 1 0.249997
-1 2 0.499997
-1 3 0.749998
-1 4 1
-1 5 0.940231
-1 6 0.880951
-1 7 0.822529
-1 8 0.765308
-1 9 0.709599
-1 10 0.655675
-1 11 0.603762
-1 12 0.554045
-1 13 0.506662
-1 14 0.461709
-1 15 0.419241
-1 16 0.379277
-1 17 0.341801
-1 18 0.306768
-1 19 0.274105
-1 20 0.243715
-1 21 0.215482
-1 22 0.18927
-1 23 0.164928
-1 24 0.142292
-1 25 0.121186
-1 26 0.101426
-1 27 0.0828198
-1 28 0.0651679
-1 29 0.0482673
-1 30 0.0319117
-1 31 0.0158923
-1 32 0
0 -32 0
0 -31 -0.0136347
0 -30 -0.0275948
0 -29 -0.0421072
0 -28 -0.0573944
0 -27 -0.0736743
0 -26 -0.0911578
0 -25 -0.110048
0 -24 -0.130539
0 -23 -0.152812
0 -22 -0.177036
0 -21 -0.203364
0 -20 -0.231934
0 -19 -0.26286
0 -18 -0.296237
0 -17 -0.332135
0 -16 -0.370596
0 -15 -0.411632
0 -14 -0.455224
0 -13 -0.501314
0 -12 -0.549811
0 -11 -0.600582
0 -10 -0.65345
0 -9 -0.708202
0 -8 -0.76458
0 -7 -0.822289
0 -6 -0.881002
0 -5 -0.940363
0 -4 -1
0 -3 -0.75
0 -2 -0.500001
0 -1 -0.250001
0 0 -2.44121e-06
0 1 0.249997
0 2 0.499997
0 3 0.749998
0 4 1
0 5 0.940345
0 6 0.881175
0 7 0.822854
0 8 0.765723
0 9 0.710092
0 10 0.656229
0 11 0.604364
0 12 0.554679
0 13 0.507315
0 14 0.462368
0 15 0.419897
0 16 0.37992
0 17 0.342424
0 18 0.307364
0 19 0.27467
0 20 0.244245
0 21 0.215974
0 22 0.189721
0 23 0.165336
0 24 0.142657
0 25 0.121507
0 26 0.101702
0 27 0.0830499
0 28 0.0653522
0 29 0.0484058
0 30 0.032004
0 31 0.0159385
0 32 0
1 -32 0
1 -31 -0.0136411
1 -30 -0.0276071
1 -29 -0.042124
1 -28 -0.0574143
1 -27 -0.0736951
1 -26 -0.0911771
1 -25 -0.110063
1 -24 -0.130546
1 -23 -0.152808
1 -22 -0.177018
1 -21 -0.203329
1 -20 -0.231878
1 -19 -0.262781
1 -18 -0.296132
1 -17 -0.332003
1 -16 -0.370437
1 -15 -0.411447
1 -14 -0.455016
1 -13 -0.501088
1 -12 -0.549573
1 -11 -0.600338
1 -10 -0.653213
1 -9 -0.70798
1 -8 -0.764385
1 -7 -0.822132
1 -6 -0.880891
1 -5 -0.940306
1 -4 -1
1 -3 -0.75
1 -2 -0.5
1 -1 -0.250001
1 0 -2.65296e-06
1 1 0.249996
1 2 0.499997
1 3 0.749998
1 4 1
1 5 0.940288
1 6 0.881063
1 7 0.822694
1 8 0.765524
1 9 0.709863
1 10 0.655982
1 11 0.604108
1 12 0.554425
1 13 0.50707
1 14 0.462139
1 15 0.419688
1 16 0.379735
1 17 0.342264
1 18 0.30723
1 19 0.27456
1 20 0.244158
1 21 0.215907
1 22 0.189672
1 23 0.165303
1 24 0.142635
1 25 0.121495
1 26 0.101697
1 27 0.0830493
1 28 0.0653541
1 29 0.0484085
1 30 0.0320065
1 31 0.0159399
1 32 0
2 -32 0
2 -31 -0.0136087
2 -30 -0.0275407
2 -29 -0.0420214
2 -28 -0.0572721
2 -27 -0.0735091
2 -26 -0.0909426
2 -25 -0.109775
2 -24 -0.130198
2 -23 -0.152394
2 -22 -0.176533
2 -21 -0.202767
2 -20 -0.231234
2 -19 -0.262054
2 -18 -0.295321
2 -17 -0.33111
2 -16 -0.369468
2 -15 -0.410412
2 -14 -0.453929
2 -13 -0.499969
2 -12 -0.548447
2 -11 -0.599236
2 -10 -0.652168
2 -9 -0.70703
2 -8 -0.763567
2 -7 -0.821481
2 -6 -0.880438
2 -5 -0.940073
2 -4 -1
2 -3 -0.749999
2 -2 -0.5
2 -1 -0.250001
2 0 -3.19779e-06
2 1 0.249995
2 2 0.499995
2 3 0.749997
2 4 1
2 5 0.940054
2 6 0.880608
2 7 0.822038
2 8 0.764697
2 9 0.7089
2 10 0.654919
2 11 0.602983
2 12 0.55327
2 13 0.505917
2 14 0.461012
2 15 0.418607
2 16 0.378715
2 17 0.341316
2 18 0.30636
2 19 0.273771
2 20 0.243451
2 21 0.21528
2 22 0.189122
2 23 0.164826
2 24 0.142226
2 25 0.121149
2 26 0.10141
2 27 0.0828174
2 28 0.0651731
2 29 0.0482753
2 30 0.0319187
2 31 0.0158963
2 32 0
3 -32 0
3 -31 -0.0135372
3 -30 -0.0273956
3 -29 -0.0417989
3 -28 -0.0569671
3 -27 -0.0731155
3 -26 -0.0904528
3 -25 -0.109181
3 -24 -0.129491
3 -23 -0.151566
3 -22 -0.175574
3 -21 -0.201671
3 -20 -0.229995
3 -19 -0.260668
3 -18 -0.29379
3 -17 -0.329439
3 -16 -0.367668
3 -15 -0.408501
3 -14 -0.451933
3 -13 -0.497923
3 -12 -0.546396
3 -11 -0.597232
3 -10 -0.650272
3 -9 -0.705308
3 -8 -0.762085
3 -7 -0.820303
3 -6 -0.879619
3 -5 -0.939653
3 -4 -1
3 -3 -0.749998
3 -2 -0.499997
3 -1 -0.25
3 0 -4.14148e-06
3 1 0.249992
3 2 0.499992
3 3 0.749995
3 4 1
3 5 0.939633
3 6 0.879784
3 7 0.820852
3 8 0.763202
3 9 0.707158
3 10 0.652997
3 11 0.600944
3 12 0.551176
3 13 0.50382
3 14 0.458957
3 15 0.416629
3 16 0.37684
3 17 0.339563
3 18 0.304741
3 19 0.272293
3 20 0.242116
3 21 0.214086
3 22 0.188066
3 23 0.163901
3 24 0.141427
3 25 0.120469
3 26 0.100841
3 27 0.0823533
3 28 0.0648085
3 29 0.0480057
3 30 0.0317407
3 31 0.0158076
3 32 0
4 -32 0
4 -31 -0.0134266
4 -30 -0.0271713
4 -29 -0.041456
4 -28 -0.0564988
4 -27 -0.0725131
4 -26 -0.0897063
4 -25 -0.108279
4 -24 -0.128422
4 -23 -0.150318
4 -22 -0.174135
4 -21 -0.200032
4 -20 -0.228148
4 -19 -0.258608
4 -18 -0.291519
4 -17 -0.326964
4 -16 -0.365004
4 -15 -0.405673
4 -14 -0.448979
4 -13 -0.494894
4 -12 -0.543354
4 -11 -0.594256
4 -10 -0.647451
4 -9 -0.702739
4 -8 -0.759871
4 -7 -0.81854
4 -6 -0.87839
4 -5 -0.939021
4 -4 -1
4 -3 -0.749994
4 -2 -0.499992
4 -1 -0.249997
4 0 -5.60045e-06
4 1 0.249987
4 2 0.499984
4 3 0.74999
4 4 1
4 5 0.938999
4 6 0.87855
4 7 0.819077
4 8 0.76097
4 9 0.704564
4 10 0.65014
4 11 0.597923
4 12 0.548079
4 13 0.500723
4 14 0.455925
4 15 0.413712
4 16 0.374076
4 17 0.336978
4 18 0.302353
4 19 0.270111
4 20 0.240141
4 21 0.212317
4 22 0.186497
4 23 0.162525
4 24 0.140235
4 25 0.119451
4 26 0.0999879
4 27 0.0816563
4 28 0.0642601
4 29 0.0475996
4 30 0.0314722
4 31 0.015674
4 32 0
5 -32 0
5 -31 -0.0132768
5 -30 -0.026868
5 -29 -0.0409927
5 -28 -0.0558666
5 -27 -0.0717011
5 -26 -0.0887016
5 -25 -0.107067
5 -24 -0.126988
5 -23 -0.148645
5 -22 -0.172209
5 -21 -0.197839
5 -20 -0.225677
5 -19 -0.255854
5 -18 -0.28848
5 -17 -0.323648
5 -16 -0.361431
5 -15 -0.401874
5 -14 -0.445001
5 -13 -0.490801
5 -12 -0.539231
5 -11 -0.590206
5 -10 -0.643595
5 -9 -0.699215
5 -8 -0.756819
5 -7 -0.816101
5 -6 -0.876686
5 -5 -0.938144
5 -4 -1
5 -3 -0.749986
5 -2 -0.499981
5 -1 -0.24999
5 0 -7.75622e-06
5 1 0.249976
5 2 0.49997
5 3 0.74998
5 4 1
5 5 0.93812
5 6 0.876838
5 7 0.816625
5 8 0.757896
5 9 0.701006
5 10 0.646241
5 11 0.593816
5 12 0.543885
5 13 0.496546
5 14 0.451849
5 15 0.409801
5 16 0.370379
5 17 0.333528
5 18 0.299169
5 19 0.267203
5 20 0.237512
5 21 0.209963
5 22 0.184409
5 23 0.160693
5 24 0.138647
5 25 0.118094
5 26 0.0988498
5 27 0.080726
5 28 0.0635276
5 29 0.047057
5 30 0.0311135
5 31 0.0154953
5 32 0
6 -32 0
6 -31 -0.0130879
6 -30 -0.0264855
6 -29 -0.0404088
6 -28 -0.0550705
6 -27 -0.0706791
6 -26 -0.0874376
6 -25 -0.105543
6 -24 -0.125184
6 -23 -0.146542
6 -22 -0.169788
6 -21 -0.19508
6 -20 -0.222566
6 -19 -0.252381
6 -18 -0.284642
6 -17 -0.319451
6 -16 -0.356894
6 -15 -0.397034
6 -14 -0.439911
6 -13 -0.48554
6 -12 -0.533903
6 -11 -0.584943
6 -10 -0.638556
6 -9 -0.694579
6 -8 -0.752783
6 -7 -0.812857
6 -6 -0.874411
6 -5 -0.93697
6 -4 -1
6 -3 -0.749968
6 -2 -0.499956
6 -1 -0.249974
6 0 -1.08782e-05
6 1 0.249953
6 2 0.499941
6 3 0.749959
6 4 1
6 5 0.936942
6 6 0.874554
6 7 0.813365
6 8 0.753833
6 9 0.696332
6 10 0.641149
6 11 0.588486
6 12 0.538475
6 13 0.491187
6 14 0.446644
6 15 0.404829
6 16 0.365696
6 17 0.329171
6 18 0.295159
6 19 0.263548
6 20 0.234212
6 21 0.207011
6 22 0.181794
6 23 0.1584
6 24 0.13666
6 25 0.116396
6 26 0.0974264
6 27 0.0795624
6 28 0.0626115
6 29 0.0463783
6 30 0.0306647
6 31 0.0152718
6 32 0
7 -32 0
7 -31 -0.0128602
7 -30 -0.0260245
7 -29 -0.039705
7 -28 -0.054111
7 -27 -0.0694473
7 -26 -0.0859141
7 -25 -0.103706
7 -24 -0.123009
7 -23 -0.144005
7 -22 -0.166862
7 -21 -0.191743
7 -20 -0.218798
7 -19 -0.248164
7 -18 -0.279969
7 -17 -0.314325
7 -16 -0.351332
7 -15 -0.391072
7 -14 -0.433609
7 -13 -0.478986
7 -12 -0.52722
7 -11 -0.578292
7 -10 -0.632136
7 -9 -0.688626
7 -8 -0.747557
7 -7 -0.808628
7 -6 -0.871426
7 -5 -0.935424
7 -4 -1
7 -3 -0.749929
7 -2 -0.499902
7 -1 -0.249937
7 0 -1.53575e-05
7 1 0.249909
7 2 0.49988
7 3 0.749917
7 4 1
7 5 0.935392
7 6 0.871559
7 7 0.809116
7 8 0.748576
7 9 0.690334
7 10 0.634669
7 11 0.581758
7 12 0.531697
7 13 0.484518
7 14 0.440208
7 15 0.398715
7 16 0.359965
7 17 0.323859
7 18 0.290287
7 19 0.259121
7 20 0.230225
7 21 0.203451
7 22 0.178645
7 23 0.155642
7 24 0.134272
7 25 0.114358
7 26 0.0957181
7 27 0.0781664
7 28 0.0615128
7 29 0.0455644
7 30 0.0301267
7 31 0.0150038
7 32 0
8 -32 0
8 -31 -0.012594
8 -30 -0.0254856
8 -29 -0.0388825
8 -28 -0.0529893
8 -27 -0.0680071
8 -26 -0.0841322
8 -25 -0.101556
8 -24 -0.120462
8 -23 -0.14103
8 -22 -0.163428
8 -21 -0.187819
8 -20 -0.214355
8 -19 -0.24318
8 -18 -0.274427
8 -17 -0.308222
8 -16 -0.344678
8 -15 -0.383898
8 -14 -0.425977
8 -13 -0.47099
8 -12 -0.518998
8 -11 -0.570032
8 -10 -0.624082
8 -9 -0.681079
8 -8 -0.740863
8 -7 -0.803157
8 -6 -0.867533
8 -5 -0.933396
8 -4 -1
8 -3 -0.749845
8 -2 -0.499785
8 -1 -0.249858
8 0 -2.17553e-05
8 1 0.249818
8 2 0.499754
8 3 0.749828
8 4 1
8 5 0.93336
8 6 0.867654
8 7 0.803622
8 8 0.741846
8 9 0.682736
8 10 0.626547
8 11 0.57341
8 12 0.523367
8 13 0.476393
8 14 0.432425
8 15 0.391371
8 16 0.353119
8 17 0.317547
8 18 0.28452
8 19 0.253899
8 20 0.225535
8 21 0.199275
8 22 0.174957
8 23 0.152417
8 24 0.131483
8 25 0.11198
8 26 0.0937267
8 27 0.0765402
8 28 0.0602333
8 29 0.0446171
8 30 0.0295005
8 31 0.0146921
8 32 0
9 -32 0
9 -31 -0.0122901
9 -30 -0.0248703
9 -29 -0.0379431
9 -28 -0.051708
9 -27 -0.0663613
9 -26 -0.0820947
9 -25 -0.0990953
9 -24 -0.117544
9 -23 -0.137617
9 -22 -0.159482
9 -21 -0.1833
9 -20 -0.209227
9 -19 -0.237408
9 -18 -0.267986
9 -17 -0.301094
9 -16 -0.336864
9 -15 -0.375422
9 -14 -0.416889
9 -13 -0.461386
9 -12 -0.509023
9 -11 -0.559897
9 -10 -0.614076
9 -9 -0.671575
9 -8 -0.732317
9 -7 -0.79608
9 -6 -0.862441
9 -5 -0.930723
9 -4 -1
9 -3 -0.749665
9 -2 -0.499535
9 -1 -0.249686
9 0 -3.08716e-05
9 1 0.249629
9 2 0.499492
9 3 0.749642
9 4 1
9 5 0.93068
9 6 0.862547
9 7 0.796518
9 8 0.733259
9 9 0.673175
9 10 0.616464
9 11 0.563178
9 12 0.513272
9 13 0.466646
9 14 0.423171
9 15 0.382704
9 16 0.345093
9 17 0.310187
9 18 0.277829
9 19 0.247863
9 20 0.220132
9 21 0.194476
9 22 0.17073
9 23 0.148727
9 24 0.128297
9 25 0.109266
9 26 0.091456
9 27 0.0746871
9 28 0.0587763
9 29 0.0435386
9 30 0.028788
9 31 0.0143374
9 32 0
10 -32 0
10 -31 -0.0119494
10 -30 -0.0241806
10 -29 -0.0368899
10 -28 -0.050271
10 -27 -0.0645144
10 -26 -0.0798068
10 -25 -0.09633
10 -24 -0.114261
10 -23 -0.133771
10 -22 -0.155027
10 -21 -0.178187
10 -20 -0.203407
10 -19 -0.230836
10 -18 -0.26062
10 -17 -0.292904
10 -16 -0.327832
10 -15 -0.365552
10 -14 -0.406219
10 -13 -0.449996
10 -12 -0.497055
10 -11 -0.547573
10 -10 -0.601723
10 -9 -0.659643
10 -8 -0.721394
10 -7 -0.786873
10 -6 -0.855709
10 -5 -0.927148
10 -4 -1
10 -3 -0.749282
10 -2 -0.499003
10 -1 -0.249321
10 0 -4.38384e-05
10 1 0.24924
10 2 0.498942
10 3 0.749248
10 4 1
10 5 0.927098
10 6 0.855797
10 7 0.787281
10 8 0.722291
10 9 0.66118
10 10 0.604027
10 11 0.550747
10 12 0.501172
10 13 0.455099
10 14 0.412319
10 15 0.372626
10 16 0.335829
10 17 0.301742
10 18 0.270189
10 19 0.241001
10 20 0.214012
10 21 0.189055
10 22 0.165965
10 23 0.144576
10 24 0.124719
10 25 0.106222
10 26 0.088912
10 27 0.0726127
10 28 0.0571462
10 29 0.0423327
10 30 0.0279914
10 31 0.0139409
10 32 0
11 -32 0
11 -31 -0.0115734
11 -30 -0.0234192
11 -29 -0.0357268
11 -28 -0.0486835
11 -27 -0.0624731
11 -26 -0.0772761
11 -25 -0.0932684
11 -24 -0.110621
11 -23 -0.129502
11 -22 -0.150071
11 -21 -0.172486
11 -20 -0.196899
11 -19 -0.22346
11 -18 -0.252318
11 -17 -0.283624
11 -16 -0.317534
11 -15 -0.354214
11 -14 -0.393849
11 -13 -0.436645
11 -12 -0.482841
11 -11 -0.532708
11 -10 -0.586548
11 -9 -0.644679
11 -8 -0.707375
11 -7 -0.774765
11 -6 -0.84665
11 -5 -0.92225
11 -4 -1
11 -3 -0.748458
11 -2 -0.497875
11 -1 -0.248551
11 0 -6.22409e-05
11 1 0.248436
11 2 0.497787
11 3 0.748411
11 4 1
11 5 0.922192
11 6 0.846718
11 7 0.775139
11 8 0.708221
11 9 0.646146
11 10 0.588762
11 11 0.535767
11 12 0.486817
11 13 0.441579
11 14 0.399751
11 15 0.361064
11 16 0.32528
11 17 0.292187
11 18 0.261591
11 19 0.233312
11 20 0.207178
11 21 0.18302
11 22 0.160675
11 23 0.139976
11 24 0.12076
11 25 0.102858
11 26 0.0861035
11 27 0.0703245
11 28 0.0553492
11 29 0.0410039
11 30 0.027114
11 31 0.0135043
11 32 0
12 -32 0
12 -31 -0.0111637
12 -30 -0.0225895
12 -29 -0.0344592
12 -28 -0.0469526
12 -27 -0.0602463
12 -26 -0.0745133
12 -25 -0.0899229
12 -24 -0.10664
12 -23 -0.124824
12 -22 -0.144631
12 -21 -0.166213
12 -20 -0.189718
12 -19 -0.215293
12 -18 -0.243087
12 -17 -0.27325
12 -16 -0.305948
12 -15 -0.341358
12 -14 -0.379687
12 -13 -0.421181
12 -12 -0.466138
12 -11 -0.51493
12 -10 -0.568012
12 -9 -0.625928
12 -8 -0.689279
12 -7 -0.758611
12 -6 -0.834147
12 -5 -0.915294
12 -4 -1
12 -3 -0.746676
12 -2 -0.495487
12 -1 -0.246944
12 0 -8.82557e-05
12 1 0.246781
12 2 0.495362
12 3 0.746609
12 4 1
12 5 0.915223
12 6 0.834189
12 7 0.758944
12 8 0.690068
12 9 0.627318
12 10 0.570126
12 11 0.517865
12 12 0.469963
12 13 0.425934
12 14 0.385378
12 15 0.347966
12 16 0.313424
12 17 0.281518
12 18 0.252042
12 19 0.224809
12 20 0.199647
12 21 0.176389
12 22 0.154875
12 23 0.134943
12 24 0.116435
12 25 0.0991883
12 26 0.0830422
12 27 0.0678322
12 28 0.0533931
12 29 0.0395581
12 30 0.0261596
12 31 0.0130295
12 32 0
13 -32 0
13 -31 -0.0107225
13 -30 -0.0216958
13 -29 -0.0330936
13 -28 -0.0450872
13 -27 -0.0578451
13 -26 -0.0715324
13 -25 -0.0863099
13 -24 -0.102335
13 -23 -0.119759
13 -22 -0.138731
13 -21 -0.159395
13 -20 -0.181892
13 -19 -0.206363
13 -18 -0.232951
13 -17 -0.261804
13 -16 -0.293084
13 -15 -0.326973
13 -14 -0.363688
13 -13 -0.403499
13 -12 -0.44675
13 -11 -0.493896
13 -10 -0.545544
13 -9 -0.6025
13 -8 -0.665806
13 -7 -0.736691
13 -6 -0.8163
13 -5 -0.904867
13 -4 -1
13 -3 -0.74276
13 -2 -0.490453
13 -1 -0.24365
13 0 -0.000124756
13 1 0.243419
13 2 0.490276
13 3 0.742663
13 4 1
13 5 0.90478
13 6 0.816311
13 7 0.736978
13 8 0.666532
13 9 0.603808
13 10 0.547553
13 11 0.496699
13 12 0.450413
13 13 0.408059
13 14 0.369155
13 15 0.333326
13 16 0.300274
13 17 0.269758
13 18 0.241568
13 19 0.215521
13 20 0.191448
13 21 0.16919
13 22 0.148592
13 23 0.1295
13 24 0.111764
13 25 0.0952296
13 26 0.079743
13 27 0.0651482
13 28 0.0512876
13 29 0.0380025
13 30 0.025133
13 31 0.0125189
13 32 0
14 -32 0
14 -31 -0.0102522
14 -30 -0.0207432
14 -29 -0.0316376
14 -28 -0.0430978
14 -27 -0.0552833
14 -26 -0.0683501
14 -25 -0.0824502
14 -24 -0.0977313
14 -23 -0.114337
14 -22 -0.132405
14 -21 -0.15207
14 -20 -0.173465
14 -19 -0.196719
14 -18 -0.221965
14 -17 -0.24934
14 -16 -0.278995
14 -15 -0.311104
14 -14 -0.345877
14 -13 -0.383582
14 -12 -0.424578
14 -11 -0.469362
14 -10 -0.518645
14 -9 -0.573465
14 -8 -0.635345
14 -7 -0.706478
14 -6 -0.78976
14 -5 -0.887964
14 -4 -1
14 -3 -0.733914
14 -2 -0.479919
14 -1 -0.237076
14 0 -0.00017523
14 1 0.23675
14 2 0.479666
14 3 0.733774
14 4 1
14 5 0.887851
14 6 0.789728
14 7 0.706709
14 8 0.636001
14 9 0.574684
14 10 0.520542
14 11 0.472025
14 12 0.428071
14 13 0.38794
14 14 0.351108
14 15 0.317187
14 16 0.285884
14 17 0.256962
14 18 0.230224
14 19 0.205498
14 20 0.182627
14 21 0.161462
14 22 0.14186
14 23 0.123678
14 24 0.106773
14 25 0.0910039
14 26 0.0762241
14 27 0.0622871
14 28 0.0490442
14 29 0.0363455
14 30 0.0240397
14 31 0.0119752
14 32 0
15 -32 0
15 -31 -0.00975577
15 -30 -0.0197374
15 -29 -0.0301001
15 -28 -0.0409965
15 -27 -0.0525766
15 -26 -0.0649864
15 -25 -0.078368
15 -24 -0.092859
15 -23 -0.108592
15 -22 -0.125694
15 -21 -0.144289
15 -20 -0.164495
15 -19 -0.186428
15 -18 -0.210206
15 -17 -0.235948
15 -16 -0.263784
15 -15 -0.293864
15 -14 -0.32637
15 -13 -0.361538
15 -12 -0.399692
15 -11 -0.441299
15 -10 -0.487063
15 -9 -0.538093
15 -8 -0.596211
15 -7 -0.664542
15 -6 -0.748562
15 -5 -0.857318
15 -4 -1
15 -3 -0.712985
15 -2 -0.458242
15 -1 -0.224561
15 0 -0.000243146
15 1 0.224105
15 2 0.457877
15 3 0.712775
15 4 1
15 5 0.857163
15 6 0.748472
15 7 0.664707
15 8 0.596788
15 9 0.539216
15 10 0.488841
15 11 0.443816
15 12 0.403007
15 13 0.365684
15 14 0.331353
15 15 0.299665
15 16 0.270356
15 17 0.243222
15 18 0.218091
15 19 0.194811
15 20 0.173244
15 21 0.153258
15 22 0.134724
15 23 0.117513
15 24 0.101494
15 25 0.0865372
15 26 0.0725065
15 27 0.0592656
15 28 0.0466759
15 29 0.0345966
15 30 0.022886
15 31 0.0114014
15 32 0
16 -32 0
16 -31 -0.00923618
16 -30 -0.0186848
16 -29 -0.0284908
16 -28 -0.0387969
16 -27 -0.0497426
16 -26 -0.0614636
16 -25 -0.0740913
16 -24 -0.0877521
16 -23 -0.102567
16 -22 -0.11865
16 -21 -0.136112
16 -20 -0.155055
16 -19 -0.17558
16 -18 -0.197782
16 -17 -0.221756
16 -16 -0.247605
16 -15 -0.275437
16 -14 -0.305388
16 -13 -0.337626
16 -12 -0.372387
16 -11 -0.410016
16 -10 -0.451042
16 -9 -0.496337
16 -8 -0.547436
16 -7 -0.607345
16 -6 -0.682897
16 -5 -0.792846
16 -4 -1
16 -3 -0.659808
16 -2 -0.415518
16 -1 -0.202687
16 0 -0.000330034
16 1 0.202059
16 2 0.414991
16 3 0.659469
16 4 1
16 5 0.792606
16 6 0.682723
16 7 0.607428
16 8 0.547926
16 9 0.497359
16 10 0.452696
16 11 0.41238
16 12 0.375517
16 13 0.341551
16 14 0.310112
16 15 0.280942
16 16 0.253846
16 17 0.228668
16 18 0.205275
16 19 0.183547
16 20 0.163372
16 21 0.144638
16 22 0.127235
16 23 0.111048
16 24 0.0959623
16 25 0.0818584
16 26 0.0686137
16 27 0.0561027
16 28 0.044197
16 29 0.0327664
16 30 0.0216787
16 31 0.010801
16 32 0
17 -32 0
17 -31 -0.0086968
17 -30 -0.017592
17 -29 -0.0268202
17 -28 -0.0365134
17 -27 -0.0468004
17 -26 -0.0578061
17 -25 -0.0696505
17 -24 -0.0824481
17 -23 -0.0963071
17 -22 -0.111329
17 -21 -0.127608
17 -20 -0.145232
17 -19 -0.164278
17 -18 -0.18482
17 -17 -0.206925
17 -16 -0.230656
17 -15 -0.256075
17 -14 -0.283251
17 -13 -0.312261
17 -12 -0.34321
17 -11 -0.376238
17 -10 -0.411554
17 -9 -0.449465
17 -8 -0.490413
17 -7 -0.534938
17 -6 -0.583125
17 -5 -0.631295
17 -4 -0.654149
17 -3 -0.510788
17 -2 -0.341369
17 -1 -0.170346
17 0 -0.000431689
17 1 0.169509
17 2 0.340614
17 3 0.51016
17 4 0.653669
17 5 0.630851
17 6 0.582829
17 7 0.534924
17 8 0.490809
17 9 0.45038
17 10 0.413079
17 11 0.378445
17 12 0.346148
17 13 0.315957
17 14 0.287708
17 15 0.261274
17 16 0.236554
17 17 0.213459
17 18 0.191906
17 19 0.171814
17 20 0.153099
17 21 0.135674
17 22 0.119451
17 23 0.104331
17 24 0.0902161
17 25 0.0769994
17 26 0.0645714
17 27 0.0528183
17 28 0.041623
17 29 0.0308659
17 30 0.020425
17 31 0.0101776
17 32 0
18 -32 0
18 -31 -0.00814106
18 -30 -0.0164662
18 -29 -0.0250991
18 -28 -0.0341611
18 -27 -0.0437701
18 -26 -0.0540394
18 -25 -0.0650777
18 -24 -0.076987
18 -23 -0.0898628
18 -22 -0.103792
18 -21 -0.118854
18 -20 -0.135117
18 -19 -0.152639
18 -18 -0.171467
18 -17 -0.191637
18 -16 -0.213172
18 -15 -0.23608
18 -14 -0.260357
18 -13 -0.285979
18 -12 -0.312901
18 -11 -0.341039
18 -10 -0.370244
18 -9 -0.400224
18 -8 -0.430374
18 -7 -0.459309
18 -6 -0.483693
18 -5 -0.49527
18 -4 -0.474656
18 -3 -0.387915
18 -2 -0.268876
18 -1 -0.136906
18 0 -0.000534918
18 1 0.135859
18 2 0.267894
18 3 0.387035
18 4 0.473899
18 5 0.494644
18 6 0.483272
18 7 0.459196
18 8 0.430672
18 9 0.40103
18 10 0.371637
18 11 0.343085
18 12 0.315642
18 13 0.28944
18 14 0.264538
18 15 0.240963
18 16 0.218716
18 17 0.197782
18 18 0.178132
18 19 0.159728
18 20 0.142519
18 21 0.126444
18 22 0.111435
18 23 0.0974139
18 24 0.0842972
18 25 0.0719936
18 26 0.0604062
18 27 0.0494335
18 28 0.03897
18 29 0.0289067
18 30 0.0191325
18 31 0.00953474
18 32 0
19 -32 0
19 -31 -0.0075724
19 -30 -0.0153143
19 -29 -0.0233385
19 -28 -0.0317553
19 -27 -0.0406715
19 -26 -0.0501893
19 -25 -0.0604054
19 -24 -0.0714097
19 -23 -0.0832844
19 -22 -0.0961026
19 -21 -0.109927
19 -20 -0.124808
19 -19 -0.140784
19 -18 -0.157876
19 -17 -0.176088
19 -16 -0.195402
19 -15 -0.215778
19 -14 -0.237139
19 -13 -0.259366
19 -12 -0.282279
19 -11 -0.305602
19 -10 -0.328899
19 -9 -0.351464
19 -8 -0.372097
19 -7 -0.388678
19 -6 -0.397412
19 -5 -0.39169
19 -4 -0.361465
19 -3 -0.297455
19 -2 -0.209375
19 -1 -0.107881
19 0 -0.000627179
19 1 0.106647
19 2 0.208202
19 3 0.296379
19 4 0.360521
19 5 0.390919
19 6 0.39688
19 7 0.38847
19 8 0.3723
19 9 0.352161
19 10 0.330159
19 11 0.307483
19 12 0.284819
19 13 0.262585
19 14 0.241037
19 15 0.220336
19 16 0.200582
19 17 0.18183
19 18 0.164107
19 19 0.147413
19 20 0.131731
19 21 0.117026
19 22 0.103251
19 23 0.0903477
19 24 0.0782478
19 25 0.0668748
19 26 0.0561451
19 27 0.0459695
19 28 0.0362539
19 29 0.0269004
19 30 0.0178087
19 31 0.00887626
19 32 0
20 -32 0
20 -31 -0.00699415
20 -30 -0.014143
20 -29 -0.0215487
20 -28 -0.0293106
20 -27 -0.0375244
20 -26 -0.046281
20 -25 -0.0556656
20 -24 -0.065756
20 -23 -0.0766216
20 -22 -0.0883219
20 -21 -0.100904
20 -20 -0.114402
20 -19 -0.128834
20 -18 -0.144197
20 -17 -0.160468
20 -16 -0.177594
20 -15 -0.195486
20 -14 -0.214013
20 -13 -0.232979
20 -12 -0.252102
20 -11 -0.270974
20 -10 -0.288993
20 -9 -0.30526
20 -8 -0.318406
20 -7 -0.32634
20 -6 -0.32594
20 -5 -0.312883
20 -4 -0.282255
20 -3 -0.231195
20 -2 -0.163359
20 -1 -0.0846298
20 0 -0.000700244
20 1 0.0832496
20 2 0.16204
20 3 0.229977
20 4 0.281181
20 5 0.312003
20 6 0.325318
20 7 0.326048
20 8 0.31852
20 9 0.305851
20 10 0.290122
20 11 0.272689
20 12 0.254438
20 13 0.235952
20 14 0.217622
20 15 0.199712
20 16 0.182398
20 17 0.165798
20 18 0.149983
20 19 0.134991
20 20 0.120832
20 21 0.107499
20 22 0.0949626
20 23 0.0831836
20 24 0.072109
20 25 0.0616762
20 26 0.0518145
20 27 0.0424468
20 28 0.0334904
20 29 0.0248584
20 30 0.0164608
20 31 0.00820571
20 32 0
21 -32 0
21 -31 -0.00640942
21 -30 -0.0129589
21 -29 -0.0197399
21 -28 -0.0268409
21 -27 -0.0343469
21 -26 -0.042338
21 -25 -0.050888
21 -24 -0.0600632
21 -23 -0.069921
21 -22 -0.0805079
21 -21 -0.0918574
21 -20 -0.103988
21 -19 -0.1169
21 -18 -0.130571
21 -17 -0.144954
21 -16 -0.159968
21 -15 -0.17549
21 -14 -0.191345
21 -13 -0.207287
21 -12 -0.222976
21 -11 -0.237936
21 -10 -0.251509
21 -9 -0.262771
21 -8 -0.270441
21 -7 -0.272768
21 -6 -0.267479
21 -5 -0.251921
21 -4 -0.223678
21 -3 -0.181849
21 -2 -0.12831
21 -1 -0.0665933
21 0 -0.000749876
21 1 0.0651144
21 2 0.126894
21 3 0.180539
21 4 0.22252
21 5 0.250968
21 6 0.26679
21 7 0.272409
21 8 0.270476
21 9 0.263261
21 10 0.252508
21 11 0.239486
21 12 0.225106
21 13 0.21001
21 14 0.194658
21 15 0.179375
21 16 0.16439
21 17 0.149863
21 18 0.135902
21 19 0.122573
21 20 0.109914
21 21 0.0979354
21 22 0.086629
21 23 0.0759698
21 24 0.0659196
21 25 0.0564288
21 26 0.0474392
21 27 0.0388849
21 28 0.0306943
21 29 0.0227911
21 30 0.0150958
21 31 0.00752645
21 32 0
22 -32 0
22 -31 -0.00582101
22 -30 -0.0117676
22 -29 -0.0179207
22 -28 -0.0243585
22 -27 -0.0311556
22 -26 -0.0383814
22 -25 -0.0460993
22 -24 -0.0543648
22 -23 -0.0632241
22 -22 -0.0727121
22 -21 -0.0828503
22 -20 -0.0936439
22 -19 -0.105079
22 -18 -0.117118
22 -17 -0.129695
22 -16 -0.14271
22 -15 -0.156018
22 -14 -0.169418
22 -13 -0.18264
22 -12 -0.195321
22 -11 -0.206975
22 -10 -0.216961
22 -9 -0.224434
22 -8 -0.228307
22 -7 -0.227228
22 -6 -0.219628
22 -5 -0.203915
22 -4 -0.178889
22 -3 -0.144348
22 -2 -0.101514
22 -1 -0.052697
22 0 -0.00077457
22 1 0.0511691
22 2 0.10005
22 3 0.142993
22 4 0.177689
22 5 0.202922
22 6 0.218898
22 7 0.226818
22 8 0.228274
22 9 0.224832
22 10 0.217835
22 11 0.208362
22 12 0.197245
22 13 0.185111
22 14 0.172433
22 15 0.159558
22 16 0.146743
22 17 0.134175
22 18 0.121984
22 19 0.110259
22 20 0.0990555
22 21 0.0884013
22 22 0.0783029
22 23 0.0687492
22 24 0.0597143
22 25 0.0511608
22 26 0.0430414
22 27 0.0353011
22 28 0.0278787
22 29 0.0207082
22 30 0.0137198
22 31 0.00684154
22 32 0
23 -32 0
23 -31 -0.00523128
23 -30 -0.0105739
23 -29 -0.0160987
23 -28 -0.021874
23 -27 -0.0279642
23 -26 -0.0344291
23 -25 -0.0413221
23 -24 -0.0486888
23 -23 -0.0565655
23 -22 -0.0649772
23 -21 -0.0739352
23 -20 -0.0834344
23 -19 -0.09345
23 -18 -0.103934
23 -17 -0.114808
23 -16 -0.125961
23 -15 -0.137237
23 -14 -0.148429
23 -13 -0.15926
23 -12 -0.169376
23 -11 -0.178318
23 -10 -0.185505
23 -9 -0.190216
23 -8 -0.19158
23 -7 -0.188598
23 -6 -0.180214
23 -5 -0.165479
23 -4 -0.143808
23 -3 -0.115272
23 -2 -0.080772
23 -1 -0.0419183
23 0 -0.000774507
23 1 0.0403905
23 2 0.0793081
23 3 0.113916
23 4 0.142606
23 5 0.16448
23 6 0.179468
23 7 0.188157
23 8 0.191494
23 9 0.190531
23 10 0.18626
23 11 0.179544
23 12 0.171094
23 13 0.161478
23 14 0.151141
23 15 0.140428
23 16 0.129599
23 17 0.118851
23 18 0.108327
23 19 0.0981287
23 20 0.0883229
23 21 0.0789502
23 22 0.0700286
23 23 0.0615577
23 24 0.0535225
23 25 0.0458957
23 26 0.0386401
23 27 0.0317104
23 28 0.0250552
23 29 0.0186178
23 30 0.0123382
23 31 0.0061536
23 32 0
24 -32 0
24 -31 -0.00464213
24 -30 -0.0093817
24 -29 -0.0142799
24 -28 -0.0193956
24 -27 -0.0247839
24 -26 -0.0304952
24 -25 -0.0365739
24 -24 -0.043057
24 -23 -0.0499721
24 -22 -0.057336
24 -21 -0.0651519
24 -20 -0.0734071
24 -19 -0.0820698
24 -18 -0.0910852
24 -17 -0.100371
24 -16 -0.109811
24 -15 -0.11925
24 -14 -0.128485
24 -13 -0.137253
24 -12 -0.145225
24 -11 -0.151991
24 -10 -0.157053
24 -9 -0.15982
24 -8 -0.159619
24 -7 -0.15573
24 -6 -0.147451
24 -5 -0.134222
24 -4 -0.115774
24 -3 -0.0922839
24 -2 -0.0644504
24 -1 -0.0334407
24 0 -0.000750891
24 1 0.0319594
24 2 0.063031
24 3 0.0909686
24 4 0.114606
24 5 0.133247
24 6 0.146715
24 7 0.155277
24 8 0.159495
24 9 0.160062
24 10 0.157696
24 11 0.153062
24 12 0.146739
24 13 0.139217
24 14 0.130894
24 15 0.122089
24 16 0.11305
24 17 0.103973
24 18 0.0950006
24 19 0.0862401
24 20 0.0777651
24 21 0.0696231
24 22 0.0618399
24 23 0.0544236
24 24 0.0473674
24 25 0.0406525
24 26 0.0342505
24 27 0.0281248
24 28 0.0222327
24 29 0.0165266
24 30 0.0109552
24 31 0.00546476
24 32 0
25 -32 0
25 -31 -0.00405492
25 -30 -0.00819378
25 -29 -0.0124687
25 -28 -0.0169294
25 -27 -0.0216223
25 -26 -0.0265895
25 -25 -0.0318671
25 -24 -0.0374844
25 -23 -0.043462
25 -22 -0.04981
25 -21 -0.0565259
25 -20 -0.0635921
25 -19 -0.0709731
25 -18 -0.0786121
25 -17 -0.0864269
25 -16 -0.0943051
25 -15 -0.102099
25 -14 -0.109619
25 -13 -0.116628
25 -12 -0.122834
25 -11 -0.127885
25 -10 -0.13137
25 -9 -0.132819
25 -8 -0.131725
25 -7 -0.127577
25 -6 -0.119912
25 -5 -0.108403
25 -4 -0.0929482
25 -3 -0.0737525
25 -2 -0.0513658
25 -1 -0.0266521
25 0 -0.000705566
25 1 0.0252603
25 2 0.050032
25 3 0.0725158
25 4 0.0918488
25 5 0.107482
25 6 0.119209
25 7 0.127132
25 8 0.131577
25 9 0.133
25 10 0.131909
25 11 0.128805
25 12 0.124147
25 13 0.118339
25 14 0.111724
25 15 0.104582
25 16 0.0971416
25 17 0.0895827
25 18 0.0820439
25 19 0.0746291
25 20 0.0674133
25 21 0.0604469
25 22 0.0537601
25 23 0.0473664
25 24 0.0412652
25 25 0.0354446
25 26 0.0298835
25 27 0.024553
25 28 0.0194182
25 29 0.0144396
25 30 0.00957422
25 31 0.00477662
25 32 0
26 -32 0
26 -31 -0.00347043
26 -30 -0.00701173
26 -29 -0.0106673
26 -28 -0.0144786
26 -27 -0.0184839
26 -26 -0.0227174
26 -25 -0.0272083
26 -24 -0.031979
26 -23 -0.0370445
26 -22 -0.0424098
26 -21 -0.0480688
26 -20 -0.0540016
26 -19 -0.0601722
26 -18 -0.0665254
26 -17 -0.0729837
26 -16 -0.0794435
26 -15 -0.085771
26 -14 -0.0917978
26 -13 -0.0973172
26 -12 -0.102081
26 -11 -0.105798
26 -10 -0.108137
26 -9 -0.108737
26 -8 -0.10722
26 -7 -0.103228
26 -6 -0.0964588
26 -5 -0.0867258
26 -4 -0.0740109
26 -3 -0.0585127
26 -2 -0.0406623
26 -1 -0.0211039
26 0 -0.000640801
26 1 0.0198398
26 2 0.0394506
26 3 0.0573888
26 4 0.0730105
26 5 0.0858844
26 6 0.095812
26 7 0.102809
26 8 0.107062
26 9 0.108868
26 10 0.108581
26 11 0.106572
26 12 0.103196
26 13 0.0987774
26 14 0.0935978
26 15 0.0878975
26 16 0.081875
26 17 0.0756903
26 18 0.0694697
26 19 0.0633096
26 20 0.0572814
26 21 0.0514346
26 22 0.0458009
26 23 0.0403964
26 24 0.0352251
26 25 0.03028
26 26 0.0255459
26 27 0.0210004
26 28 0.0166158
26 29 0.0123598
26 30 0.00819718
26 31 0.0040902
26 32 0
27 -32 0
27 -31 -0.0028889
27 -30 -0.00583603
27 -29 -0.00887668
27 -28 -0.0120443
27 -27 -0.0153698
27 -26 -0.0188803
27 -25 -0.0225986
27 -24 -0.0265418
27 -23 -0.03072
27 -22 -0.035135
27 -21 -0.0397788
27 -20 -0.0446314
27 -19 -0.0496588
27 -18 -0.054811
27 -17 -0.0600185
27 -16 -0.0651906
27 -15 -0.0702116
27 -14 -0.0749383
27 -13 -0.0791982
27 -12 -0.0827879
27 -11 -0.0854746
27 -10 -0.0870005
27 -9 -0.0870921
27 -8 -0.085476
27 -7 -0.081903
27 -6 -0.0761783
27 -5 -0.0681982
27 -4 -0.0579847
27 -3 -0.0457118
27 -2 -0.0317128
27 -1 -0.0164662
27 0 -0.000559164
27 1 0.0153631
27 2 0.0306553
27 3 0.0447304
27 4 0.0571101
27 5 0.0674608
27 6 0.0756078
27 7 0.0815278
27 8 0.0853225
27 9 0.0871835
27 10 0.0873562
27 11 0.0861089
27 12 0.0837094
27 13 0.0804092
27 14 0.0764343
27 15 0.0719812
27 16 0.0672156
27 17 0.0622738
27 18 0.0572651
27 19 0.0522745
27 20 0.0473662
27 21 0.0425856
27 22 0.0379631
27 23 0.0335157
27 24 0.0292493
27 25 0.0251608
27 26 0.0212397
27 27 0.0174691
27 28 0.0138272
27 29 0.0102886
27 30 0.00682502
27 31 0.00340598
27 32 0
28 -32 0
28 -31 -0.00231003
28 -30 -0.00466605
28 -29 -0.00709566
28 -28 -0.00962496
28 -27 -0.0122778
28 -26 -0.0150751
28 -25 -0.0180341
28 -24 -0.021167
28 -23 -0.0244808
28 -22 -0.0279751
28 -21 -0.0316416
28 -20 -0.035462
28 -19 -0.0394067
28 -18 -0.0434328
28 -17 -0.0474823
28 -16 -0.0514798
28 -15 -0.0553305
28 -14 -0.058919
28 -13 -0.0621077
28 -12 -0.0647377
28 -11 -0.06663
28 -10 -0.067591
28 -9 -0.0674206
28 -8 -0.0659251
28 -7 -0.0629348
28 -6 -0.0583257
28 -5 -0.0520433
28 -4 -0.0441236
28 -3 -0.0347086
28 -2 -0.024049
28 -1 -0.0124932
28 0 -0.000463443
28 1 0.0115789
28 2 0.0231723
28 3 0.0338948
28 4 0.0433976
28 5 0.0514298
28 6 0.0578487
28 7 0.0626171
28 8 0.0657876
28 9 0.0674817
28 10 0.0678659
28 11 0.0671297
28 12 0.0654688
28 13 0.0630718
28 14 0.0601122
28 15 0.0567435
28 16 0.0530977
28 17 0.0492851
28 18 0.0453951
28 19 0.0414986
28 20 0.0376494
28 21 0.0338869
28 22 0.0302377
28 23 0.0267176
28 24 0.0233334
28 25 0.0200843
28 26 0.0169632
28 27 0.0139577
28 28 0.0110518
28 29 0.00822567
28 30 0.00545757
28 31 0.00272387
28 32 0
29 -32 0
29 -31 -0.00173304
29 -30 -0.0035002
29 -29 -0.00532178
29 -28 -0.00721691
29 -27 -0.00920304
29 -26 -0.0112953
29 -25 -0.0135059
29 -24 -0.0158435
29 -23 -0.0183122
29 -22 -0.0209109
29 -21 -0.0236321
29 -20 -0.0264608
29 -19 -0.0293735
29 -18 -0.0323366
29 -17 -0.0353048
29 -16 -0.0382202
29 -15 -0.0410111
29 -14 -0.0435902
29 -13 -0.0458556
29 -12 -0.0476902
29 -11 -0.0489648
29 -10 -0.0495418
29 -9 -0.0492818
29 -8 -0.0480535
29 -7 -0.0457456
29 -6 -0.0422816
29 -5 -0.0376345
29 -4 -0.0318404
29 -3 -0.0250061
29 -2 -0.0173105
29 -1 -0.00899693
29 0 -0.000356585
29 1 0.0082934
29 2 0.0166359
29 3 0.0243796
29 4 0.0312811
29 5 0.0371611
29 6 0.0419121
29 7 0.0454972
29 8 0.0479419
29 9 0.0493205
29 10 0.049742
29 11 0.0493346
29 12 0.0482344
29 13 0.0465752
29 14 0.0444822
29 15 0.0420683
29 16 0.0394315
29 17 0.0366549
29 18 0.0338065
29 19 0.0309409
29 20 0.0281
29 21 0.0253148
29 22 0.0226067
29 23 0.0199888
29 24 0.0174674
29 25 0.0150429
29 26 0.0127107
29 27 0.0104625
29 28 0.00828663
29 29 0.006169
29 30 0.00409366
29 31 0.00204334
29 32 0
30 -32 0
30 -31 -0.00115674
30 -30 -0.00233603
30 -29 -0.0035512
30 -28 -0.00481478
30 -27 -0.00613816
30 -26 -0.00753116
30 -25 -0.0090016
30 -24 -0.0105549
30 -23 -0.0121933
30 -22 -0.0139157
30 -21 -0.0157164
30 -20 -0.017585
30 -19 -0.019505
30 -18 -0.0214532
30 -17 -0.023399
30 -16 -0.0253031
30 -15 -0.0271172
30 -14 -0.0287833
30 -13 -0.0302338
30 -12 -0.0313921
30 -11 -0.0321746
30 -10 -0.0324931
30 -9 -0.0322598
30 -8 -0.0313935
30 -7 -0.0298271
30 -6 -0.0275169
30 -5 -0.0244507
30 -4 -0.0206562
30 -3 -0.0162045
30 -2 -0.0112107
30 -1 -0.0058287
30 0 -0.000241644
30 1 0.00535193
30 2 0.0107534
30 3 0.0157798
30 4 0.0202768
30 5 0.0241293
30 6 0.0272654
30 7 0.029657
30 8 0.0313151
30 9 0.0322822
30 10 0.0326235
30 11 0.0324185
30 12 0.0317526
30 13 0.0307113
30 14 0.0293759
30 15 0.02782
30 16 0.0261087
30 17 0.0242972
30 18 0.0224314
30 19 0.0205481
30 20 0.018676
30 21 0.0168366
30 22 0.0150446
30 23 0.0133095
30 24 0.0116361
30 25 0.010025
30 26 0.00847366
30 27 0.00697686
30 28 0.00552716
30 29 0.00411542
30 30 0.00273127
30 31 0.0013634
30 32 0
31 -32 0
31 -31 -0.000579636
31 -30 -0.00117047
31 -29 -0.0017791
31 -28 -0.00241173
31 -27 -0.00307396
31 -26 -0.00377062
31 -25 -0.00450551
31 -24 -0.00528119
31 -23 -0.00609873
31 -22 -0.00695733
31 -21 -0.00785407
31 -20 -0.00878346
31 -19 -0.00973709
31 -18 -0.0107032
31 -17 -0.0116662
31 -16 -0.0126063
31 -15 -0.0134994
31 -14 -0.0143163
31 -13 -0.0150235
31 -12 -0.0155832
31 -11 -0.0159543
31 -10 -0.0160938
31 -9 -0.0159593
31 -8 -0.0155121
31 -7 -0.0147207
31 -6 -0.0135653
31 -5 -0.0120414
31 -4 -0.0101639
31 -3 -0.00796809
31 -2 -0.00551043
31 -1 -0.00286554
31 0 -0.000121737
31 1 0.00262535
31 2 0.00528007
31 3 0.00775408
31 4 0.00997264
31 5 0.0118793
31 6 0.0134383
31 7 0.0146345
31 8 0.0154718
31 9 0.0159695
31 10 0.016158
31 11 0.0160753
31 12 0.0157625
31 13 0.0152613
31 14 0.0146115
31 15 0.0138497
31 16 0.013008
31 17 0.0121141
31 18 0.011191
31 19 0.0102574
31 20 0.00932773
31 21 0.00841291
31 22 0.0075206
31 23 0.00665571
31 24 0.00582074
31 25 0.00501621
31 26 0.00424098
31 27 0.00349255
31 28 0.00276728
31 29 0.00206072
31 30 0.00136775
31 31 0.000682787
31 32 0
32 -32 0
32 -31 0
32 -30 0
32 -29 0
32 -28 0
32 -27 0
32 -26 0
32 -25 0
32 -24 0
32 -23 0
32 -22 0
32 -21 0
32 -20 0
32 -19 0
32 -18 0
32 -17 0
32 -16 0
32 -15 0
32 -14 0
32 -13 0
32 -12 0
32 -11 0
32 -10 0
32 -9 0
32 -8 0
32 -7 0
32 -6 0
32 -5 0
32 -4 0
32 -3 0
32 -2 0
32 -1 0
32 0 0
32 1 0
32 2 0
32 3 0
32 4 0
32 5 0
32 6 0
32 7 0
32 8 0
32 9 0
32 10 0
32 11 0
32 12 0
32 13 0
32 14 0
32 15 0
32 16 0
32 17 0
32 18 0
32 19 0
32 20 0
32 21 0
32 22 0
32 23 0
32 24 0
32 25 0
32 26 0
32 27 0
32 28 0
32 29 0
32 30 0
32 31 0
32 32 0
